"","date","cases","deaths","cum_cases","cum_deaths","p_cases","p_cases_low","p_cases_high","population"
"1","2020/03/09",2,0,2,0,NA,NA,NA,2880913
"2","2020/03/10",4,0,6,0,0,NA,NA,2880913
"3","2020/03/11",4,0,10,0,0,NA,NA,2880913
"4","2020/03/12",1,1,11,1,0,NA,NA,2880913
"5","2020/03/13",12,0,23,1,0.000486785652471164,0.000485866742559814,0.000487706300298184,2880913
"6","2020/03/14",10,0,33,1,0.00039000926621209,0.000146098493148719,0.00104112797095352,2880913
"7","2020/03/15",5,0,38,1,0.000262295300795558,6.01945296051976e-05,0.00114294148107259,2880913
"8","2020/03/16",4,0,42,1,0.000183219308296582,3.57110803469595e-05,0.000940025185643422,2880913
"9","2020/03/17",9,0,51,1,0.000153868010760187,2.76383877931133e-05,0.000856611641479184,2880913
"10","2020/03/18",4,0,55,1,0.000122644511474419,2.06060010174404e-05,0.000729965808604395,2880913
"11","2020/03/19",4,1,59,2,0.000203664404831877,8.69428266813946e-05,0.000477085820403847,2880913
"12","2020/03/20",11,0,70,2,0.000194639712084462,8.1300292525847e-05,0.000465983778696468,2880913
"13","2020/03/21",0,0,70,2,0.000161185852548184,6.60069129674352e-05,0.000393608455443185,2880913
"14","2020/03/22",6,0,76,2,0.000148006709377079,5.97848765373765e-05,0.000366413502701405,2880913
"15","2020/03/23",13,0,89,2,0.000149785538743411,5.98983146803398e-05,0.000374563253346724,2880913
"16","2020/03/24",11,2,100,4,0.000294657339958856,0.00019086582362608,0.000454889965852249,2880913
"17","2020/03/25",23,1,123,5,0.000398547008506954,0.000282645191754033,0.000561975659320853,2880913
"18","2020/03/26",23,0,146,5,0.000415750609704648,0.000293166745861062,0.000589591322720153,2880913
"19","2020/03/27",28,1,174,6,0.000519030349766487,0.00038832304027062,0.000693732990427206,2880913
"20","2020/03/28",12,3,186,9,0.000721150750674153,0.000598827773349332,0.000868460730017799,2880913
"21","2020/03/29",11,1,197,10,0.000734006282314529,0.000619833952431353,0.000869208955662791,2880913
"22","2020/03/30",15,0,212,10,0.000688165488265556,0.000579169045582256,0.000817674464566169,2880913
"23","2020/03/31",11,2,223,12,0.000764881063974553,0.000662996857436045,0.000882422043883185,2880913
"24","2020/04/01",20,3,243,15,0.000927275124423795,0.000828396687858297,0.00103795581148225,2880913
"25","2020/04/02",16,0,259,15,0.000887831066685648,0.000791589940891914,0.00099577314244801,2880913
"26","2020/04/03",18,1,277,16,0.000916138475839978,0.000822084845439393,0.00102095265661514,2880913
"27","2020/04/04",27,1,304,17,0.00097197879353284,0.000877237040428477,0.00107695267246821,2880913
"28","2020/04/05",29,2,333,19,0.0010870992052518,0.000991922934671671,0.0011914077603723,2880913
"29","2020/04/06",28,2,361,21,0.00119208189010905,0.00109716374816033,0.00129521161732579,2880913
"30","2020/04/07",16,1,377,22,0.0011945720956064,0.00110297121142943,0.00129378036055183,2880913
"31","2020/04/08",6,0,383,22,0.00111379871501375,0.00102748269497074,0.00120736590858265,2880913
"32","2020/04/09",17,0,400,22,0.00107282308838104,0.000988889912868704,0.00116388018927668,2880913
"33","2020/04/10",9,1,409,23,0.00106441229520558,0.000984269788100413,0.00115108027075725,2880913
"34","2020/04/11",7,0,416,23,0.0010109054066828,0.000934236912639095,0.00109386572874079,2880913
"35","2020/04/12",17,0,433,23,0.000988541767157436,0.000913123413956666,0.00107018921043801,2880913
"36","2020/04/13",13,0,446,23,0.00096177253589642,0.000888011347454482,0.00104166057500976,2880913
"37","2020/04/14",21,0,467,23,0.000955104425403289,0.00088151286020439,0.00103483965419794,2880913
"38","2020/04/15",8,1,475,24,0.000964276667607601,0.000892852523041816,0.00104141441917488,2880913
"39","2020/04/16",19,1,494,25,0.000996100620232707,0.000925043565834683,0.00107261590942767,2880913
"40","2020/04/17",24,1,518,26,0.00103829152463291,0.000966875789238504,0.00111498219535892,2880913
"41","2020/04/18",21,0,539,26,0.001034138077341,0.000962753371796302,0.00111081570247964,2880913
"42","2020/04/19",9,0,548,26,0.00100703537467514,0.000937294496401165,0.00108196543321327,2880913
"43","2020/04/20",14,0,562,26,0.000990121135649006,0.000921346516470822,0.001064029489159,2880913
"44","2020/04/21",22,0,584,26,0.000988078908686491,0.00091924534132303,0.00106206676923262,2880913
"45","2020/04/22",25,0,609,26,0.000991008102059312,0.000921796259956276,0.00106541662296806,2880913
"46","2020/04/23",25,1,634,27,0.00103119781644736,0.000961681431241848,0.00110573928340556,2880913
"47","2020/04/24",29,0,663,27,0.00103808282449773,0.00096793496091144,0.00111331442094256,2880913
"48","2020/04/25",15,0,678,27,0.00102168498824124,0.000952483043257318,0.00109591474891539,2880913
"49","2020/04/26",34,0,712,27,0.00103258853261206,0.000962496100894321,0.00110778534758865,2880913
"50","2020/04/27",14,1,726,28,0.00105108137361773,0.000982124636269043,0.00112487968753437,2880913
"51","2020/04/28",10,0,736,28,0.00102597464599613,0.000958519597751429,0.00109817678918221,2880913
"52","2020/04/29",14,2,750,30,0.00107983530635497,0.0010134153556833,0.00115060846701354,2880913
"53","2020/04/30",16,1,766,31,0.00110059483945843,0.00103494167582876,0.00117041281545895,2880913
"54","2020/05/01",7,0,773,31,0.00107456492832536,0.00101034749185284,0.00114286400916316,2880913
"55","2020/05/02",9,0,782,31,0.00105370354749694,0.000990625213084664,0.00112079841229798,2880913
"56","2020/05/03",7,0,789,31,0.00103261490413082,0.000970705276623213,0.00109847300299265,2880913
"57","2020/05/04",6,0,795,31,0.00101268175277951,0.000951885358908308,0.00107736117885952,2880913
"58","2020/05/05",8,0,803,31,0.000997579555164299,0.000937613314462073,0.00106138101233422,2880913
"59","2020/05/06",17,0,820,31,0.000995391710404526,0.000935493313379249,0.00105912532240664,2880913
"60","2020/05/07",12,0,832,31,0.000988266823811614,0.00092873665839501,0.00105161275396895,2880913
"61","2020/05/08",10,0,842,31,0.000979550534602967,0.000920487942280329,0.00104240284502145,2880913
"62","2020/05/09",8,0,850,31,0.000969238324626292,0.000910742979912932,0.00103149071762726,2880913
"63","2020/05/10",6,0,856,31,0.000957491476566306,0.000899656992255843,0.00101904385292257,2880913
"64","2020/05/11",12,0,868,31,0.000953307984351115,0.000895680073500668,0.00101464366565135,2880913
"65","2020/05/12",4,0,872,31,0.000941172998622447,0.000884238081811683,0.0010017738791809,2880913
"66","2020/05/13",4,0,876,31,0.000929927300089512,0.00087363072756687,0.000989851611401314,2880913
"67","2020/05/14",4,0,880,31,0.000919674853641551,0.000863964978226571,0.000978976992975751,2880913
"68","2020/05/15",18,0,898,31,0.000924866164405939,0.000868808652040593,0.000984540635102916,2880913
"69","2020/05/16",18,0,916,31,0.000930385361138531,0.000873960911112109,0.000990452672670889,2880913
"70","2020/05/17",17,0,933,31,0.000934666005826827,0.0008779531503634,0.000995042323256856,2880913
"71","2020/05/18",13,0,946,31,0.0009344465939707,0.000877716223182571,0.000994843679449471,2880913
"72","2020/05/19",2,0,948,31,0.000923036399072178,0.000866966477174003,0.000982732569763634,2880913
"73","2020/05/20",1,0,949,31,0.000910822379498237,0.000855466041576122,0.000969760769774531,2880913
"74","2020/05/21",15,0,964,31,0.000912540580763971,0.000857049689249884,0.000971624308352384,2880913
"75","2020/05/22",5,0,969,31,0.000905302366928305,0.000850224983088961,0.000963947651347993,2880913
"76","2020/05/23",12,0,981,31,0.000904966155164436,0.000849885616900436,0.000963616427561032,2880913
"77","2020/05/24",8,0,989,31,0.000901223002248496,0.000846345062664603,0.000959659287459751,2880913
"78","2020/05/25",9,1,998,32,0.000927588417182663,0.000872804774117991,0.00098581068436631,2880913
"79","2020/05/26",6,0,1004,32,0.000922323190014799,0.000867828090855366,0.000980240298514203,2880913
"80","2020/05/27",25,1,1029,33,0.000963807284715739,0.000908522923015974,0.00102245574496615,2880913
"81","2020/05/28",21,0,1050,33,0.000972422559598489,0.000916621391062045,0.00103162073636581,2880913
"82","2020/05/29",26,0,1076,33,0.000984827530410038,0.000928289891565387,0.00104480860285789,2880913
"83","2020/05/30",23,0,1099,33,0.000993307275622854,0.000936258582108585,0.00105383209581182,2880913
"84","2020/05/31",23,0,1122,33,0.00100046622260197,0.000942978255213452,0.00106145890112904,2880913
"85","2020/06/01",15,0,1137,33,0.000999313690303654,0.000941864641869676,0.00106026684433758,2880913
"86","2020/06/02",6,0,1143,33,0.000989540497263159,0.000932623007118213,0.0010499316318064,2880913
"87","2020/06/03",21,0,1164,33,0.000992495546783977,0.00093538057755246,0.0010530979945762,2880913
"88","2020/06/04",20,0,1184,33,0.000994469092212993,0.000937211888682781,0.00105522431726394,2880913
"89","2020/06/05",13,0,1197,33,0.000990392294640304,0.000933342124496429,0.00105092963398829,2880913
"90","2020/06/06",15,0,1212,33,0.000987862568958794,0.000930931314729537,0.00104827546319396,2880913
"91","2020/06/07",20,1,1232,34,0.00101933846673881,0.000962244073163522,0.00107982053488507,2880913
"92","2020/06/08",14,0,1246,34,0.00101586270999804,0.000958937005353605,0.00107616771467072,2880913
"93","2020/06/09",17,0,1263,34,0.00101478138061067,0.000957891038193175,0.00107505051135725,2880913
"94","2020/06/10",36,0,1299,34,0.00102871804680885,0.000971019891631707,0.00108984463547076,2880913
"95","2020/06/11",42,0,1341,34,0.00104658987863061,0.000987863165827639,0.00110880779033232,2880913
"96","2020/06/12",44,1,1385,35,0.00109575985039782,0.00103595070712943,0.00115902198963782,2880913
"97","2020/06/13",31,1,1416,36,0.00113331206266924,0.00107309115803841,0.00119691250996742,2880913
"98","2020/06/14",48,0,1464,36,0.00115095207931008,0.00108975940864607,0.00121558086891307,2880913
"99","2020/06/15",57,0,1521,36,0.00117321651980839,0.00111080469933908,0.00123913501911747,2880913
"100","2020/06/16",69,0,1590,36,0.00120165422289185,0.0011376915448572,0.00126921297597852,2880913
"101","2020/06/17",82,1,1672,37,0.00127024687867184,0.00120436060489399,0.00133973755552854,2880913
"102","2020/06/18",50,1,1722,38,0.00131123158908062,0.00124490615805435,0.00138109067023173,2880913
"103","2020/06/19",66,1,1788,39,0.00136079035281189,0.00129361461552234,0.0014314544394338,2880913
