"","date","cases","deaths","cum_cases","cum_deaths","p_cases","p_cases_low","p_cases_high","population"
"1","2020/03/16",1,0,1,0,NA,NA,NA,389486
"2","2020/03/17",0,0,1,0,0,NA,NA,389486
"3","2020/03/20",2,0,3,0,0,NA,NA,389486
"4","2020/03/21",1,0,4,0,0,NA,NA,389486
"5","2020/03/22",0,0,4,0,0,NA,NA,389486
"6","2020/03/23",0,0,4,0,0,0,NA,389486
"7","2020/03/24",0,0,4,0,0,0,NA,389486
"8","2020/03/25",0,0,4,0,0,0,NA,389486
"9","2020/03/26",1,0,5,0,0,0,NA,389486
"10","2020/03/27",4,0,9,0,0,0,NA,389486
"11","2020/03/28",0,0,9,0,0,0,NA,389486
"12","2020/03/29",2,0,11,0,0,0,NA,389486
"13","2020/03/30",3,0,14,0,0,0,NA,389486
"14","2020/03/31",0,0,14,0,0,0,NA,389486
"15","2020/04/01",1,0,15,0,0,0,NA,389486
"16","2020/04/02",6,1,21,1,0.000730784959284373,0.000152053092046082,0.00351223805797,389486
"17","2020/04/03",3,0,24,1,0.000710369098407756,0.000138457284797586,0.00364462048140239,389486
"18","2020/04/04",0,2,24,3,0.0018025395272369,0.00123859006982349,0.00262326400510741,389486
"19","2020/04/05",4,1,28,4,0.00238620324388019,0.00181410418914941,0.00313872045230992,389486
"20","2020/04/06",1,1,29,5,0.0026629518785013,0.00218484686793931,0.0032456795079199,389486
"21","2020/04/07",4,0,33,5,0.00264062308883693,0.00209689724056693,0.00332533715167341,389486
"22","2020/04/08",3,1,36,6,0.00304359388006095,0.00254785565342483,0.00363578827328483,389486
"23","2020/04/09",4,1,40,7,0.00349619048085935,0.00300552155359738,0.00406696397296541,389486
"24","2020/04/10",1,1,41,8,0.00364720863391297,0.00319749196428019,0.00416017646577068,389486
"25","2020/04/11",1,0,42,8,0.0033473160514478,0.0028991779963986,0.00386472467789095,389486
"26","2020/04/12",4,0,46,8,0.00331636798280199,0.0028442916128627,0.00386679640990984,389486
"27","2020/04/13",1,0,47,8,0.00309174488069593,0.00263020953904584,0.00363426801758813,389486
"28","2020/04/14",2,0,49,8,0.00296018267925207,0.00250117716963354,0.00350342294857419,389486
"29","2020/04/15",0,0,49,8,0.00273723935437337,0.00229941093909801,0.00325843421709973,389486
"30","2020/04/16",4,0,53,8,0.00275733444628574,0.00230472449909737,0.00329882953543971,389486
"31","2020/04/17",1,1,54,9,0.00296149406731197,0.00253261515920113,0.00346300032156898,389486
"32","2020/04/18",1,0,55,9,0.00283746634490097,0.00242175927850761,0.00332453160390374,389486
"33","2020/04/19",3,0,58,9,0.00282713509588527,0.00240426357980538,0.00332438294932421,389486
"34","2020/04/20",2,0,60,9,0.00277366197286572,0.0023512465448838,0.00327196684518746,389486
"35","2020/04/21",4,0,64,9,0.00281266590307208,0.00237748790856968,0.00332749935500772,389486
"36","2020/04/22",1,0,65,9,0.00271937710398281,0.00229271241403672,0.00322544240105793,389486
"37","2020/04/23",5,0,70,9,0.00279043936827062,0.00234714209550804,0.00331746078897244,389486
"38","2020/04/24",2,2,72,11,0.00334535569648163,0.00292135388352526,0.00383089662607981,389486
"39","2020/04/25",1,0,73,11,0.00323476041923171,0.00281931021443626,0.00371143087278901,389486
"40","2020/04/26",5,0,78,11,0.0033006208731203,0.00287160933296137,0.00379372570740421,389486
"41","2020/04/27",2,0,80,11,0.0032372012996065,0.00280967613140522,0.00372977943508843,389486
"42","2020/04/28",0,0,80,11,0.00309727068347986,0.00268432988467327,0.00357373575487779,389486
"43","2020/04/29",0,0,80,11,0.00296863996576009,0.00256939118002807,0.00342992663585457,389486
"44","2020/04/30",0,0,80,11,0.00285481890696496,0.0024677901256571,0.00330254623633948,389486
"45","2020/05/01",1,0,81,11,0.00279075257353214,0.00240959895848453,0.00323219758178124,389486
"46","2020/05/02",1,0,82,11,0.00273793811606314,0.00236142431572529,0.0031744846012941,389486
"47","2020/05/03",1,0,83,11,0.00269373378638087,0.00232093020398572,0.00312641961375175,389486
"48","2020/05/04",0,0,83,11,0.00262445395876737,0.00225907489995159,0.00304892882561677,389486
"49","2020/05/05",0,0,83,11,0.00256238795544891,0.00220464230730323,0.00297818472070472,389486
"50","2020/05/06",6,0,89,11,0.00268868272927666,0.00231128489083921,0.00312770392233465,389486
"51","2020/05/07",3,0,92,11,0.00272214119192647,0.00233906963626369,0.00316794872367259,389486
"52","2020/05/08",0,0,92,11,0.00266294411737458,0.00228637282791942,0.00310153763448672,389486
"53","2020/05/09",0,0,92,11,0.00260285916480134,0.00223392790885667,0.00303271909757273,389486
"54","2020/05/10",0,0,92,11,0.00254564758370942,0.00218321867814246,0.00296824211212742,389486
"55","2020/05/11",0,0,92,11,0.00249339899169654,0.00213691884301241,0.00290934704989974,389486
"56","2020/05/12",1,0,93,11,0.00247333508851805,0.00211901363082886,0.00288690283587357,389486
"57","2020/05/13",0,0,93,11,0.00243119618705525,0.00208223177602504,0.00283864407795922,389486
"58","2020/05/14",1,0,94,11,0.00241889830960914,0.00207039804461808,0.002826059968246,389486
"59","2020/05/15",2,0,96,11,0.00243474384413754,0.00208333041173657,0.00284543323189158,389486
"60","2020/05/16",0,0,96,11,0.00240120383870842,0.00205402511421009,0.00280706396194449,389486
"61","2020/05/17",0,0,96,11,0.00236896998695074,0.00202586830688314,0.00277017947317003,389486
"62","2020/05/18",0,0,96,11,0.00233884441393554,0.00199954366865228,0.00273572079387715,389486
"63","2020/05/19",0,0,96,11,0.00231134689698751,0.00197549290379803,0.00270429950314819,389486
"64","2020/05/20",0,0,96,11,0.00228659204634989,0.001953811159181,0.00267605349773018,389486
"65","2020/05/21",1,0,97,11,0.00228805083656112,0.00195454555944882,0.00267846231845543,389486
"66","2020/05/22",0,0,97,11,0.00226772055877953,0.00193668274351456,0.00265534277616321,389486
"67","2020/05/23",0,0,97,11,0.00224876999628953,0.0019204985504436,0.00263315298782388,389486
"68","2020/05/24",3,0,100,11,0.00230030806664484,0.00196402161647276,0.00269417462470415,389486
"69","2020/05/25",0,0,100,11,0.00228272145493648,0.00194852917328138,0.00267423106221814,389486
"70","2020/05/26",0,0,100,11,0.00226435123855897,0.00193284837155516,0.00265271016962296,389486
"71","2020/05/27",0,0,100,11,0.00224612752939034,0.001916833843901,0.00263199071444697,389486
"72","2020/05/28",0,0,100,11,0.0022288454447331,0.00190164014833613,0.00261235124892272,389486
"73","2020/05/29",1,0,101,11,0.0022350178386117,0.0019069064049259,0.00261958569440467,389486
"74","2020/05/30",1,0,102,11,0.00224196707162117,0.00191239731663875,0.00262833267255785,389486
"75","2020/05/31",0,0,102,11,0.00222711340860109,0.00189930126547086,0.00261150467540025,389486
"76","2020/06/01",0,0,102,11,0.00221244251321125,0.00188678980104705,0.00259430163950863,389486
"77","2020/06/02",0,0,102,11,0.00219844127560221,0.00187443797052676,0.00257844971040214,389486
"78","2020/06/03",0,0,102,11,0.00218543638719786,0.00186294931129497,0.00256374780222466,389486
"79","2020/06/04",0,0,102,11,0.00217355000773462,0.00185281690819025,0.00254980382316227,389486
"80","2020/06/05",0,0,102,11,0.00216278099177576,0.00184324897843898,0.00253770471222394,389486
"81","2020/06/06",0,0,102,11,0.00215306674613941,0.00183496992780296,0.00252630647679426,389486
"82","2020/06/07",1,0,103,11,0.00216534167757896,0.00184543134526613,0.00254070929958346,389486
"83","2020/06/08",0,0,103,11,0.00215704609796692,0.00183798236062594,0.00253149756408422,389486
"84","2020/06/09",0,0,103,11,0.00214884512978349,0.00183099445486194,0.00252187295244562,389486
"85","2020/06/10",0,0,103,11,0.00214093981981881,0.00182425847444685,0.00251259532368387,389486
"86","2020/06/11",0,0,103,11,0.00213351854978108,0.00181756771374747,0.00250439164815204,389486
"87","2020/06/12",0,0,103,11,0.00212666645030554,0.00181173033549763,0.00249634843676276,389486
"88","2020/06/13",0,0,103,11,0.00212039859937007,0.00180639068494898,0.00248899103481457,389486
"89","2020/06/14",0,0,103,11,0.00211469274022801,0.00180117317013431,0.00248278480921387,389486
"90","2020/06/15",0,0,103,11,0.00210950940811311,0.00179675830713334,0.00247669924510748,389486
"91","2020/06/16",1,0,104,11,0.00212523795509925,0.00181015497526281,0.00249516556732314,389486
"92","2020/06/17",0,0,104,11,0.00212059367698419,0.001806199247333,0.00248971288716093,389486
"93","2020/06/18",0,0,104,11,0.00211567440997293,0.00180165963681431,0.00248441943059171,389486
"94","2020/06/19",0,0,104,11,0.00211071165415297,0.00179743346817228,0.0024785917063775,389486
