"","date","cases","deaths","cum_cases","cum_deaths","p_cases","p_cases_low","p_cases_high","population"
"1","2020/03/20",1,0,1,0,NA,NA,NA,64468
"2","2020/03/21",0,0,1,0,0,NA,NA,64468
"3","2020/03/22",0,0,1,0,0,NA,NA,64468
"4","2020/03/23",16,0,17,0,0,NA,NA,64468
"5","2020/03/24",3,0,20,0,0,NA,NA,64468
"6","2020/03/25",3,0,23,0,0,0,NA,64468
"7","2020/03/26",7,0,30,0,0,0,NA,64468
"8","2020/03/27",4,0,34,0,0,0,NA,64468
"9","2020/03/28",2,0,36,0,0,0,NA,64468
"10","2020/03/29",3,0,39,0,0,0,NA,64468
"11","2020/03/30",6,0,45,0,0,0,NA,64468
"12","2020/03/31",0,0,45,0,0,0,NA,64468
"13","2020/04/01",15,0,60,0,0,0,NA,64468
"14","2020/04/02",18,0,78,0,0,0,NA,64468
"15","2020/04/03",13,0,91,0,0,0,NA,64468
"16","2020/04/04",23,2,114,2,0.00951708847127857,0.00383355307234842,0.0236268994483119,64468
"17","2020/04/05",22,0,136,2,0.00947823286105961,0.00377484151235934,0.0237988529781534,64468
"18","2020/04/06",18,1,154,3,0.0133748099236178,0.00730388694592659,0.0244918276826111,64468
"19","2020/04/07",11,1,165,4,0.0159000955013731,0.0101364491029997,0.0249409861761127,64468
"20","2020/04/08",1,0,166,4,0.0134502972442512,0.0085228268515004,0.0212265835163439,64468
"21","2020/04/09",15,1,181,5,0.0156998780818853,0.0109125914289763,0.0225873179061359,64468
"22","2020/04/10",10,0,191,5,0.0144660517861816,0.0100181819920033,0.0208886856365285,64468
"23","2020/04/11",9,1,200,6,0.0161065326245501,0.0118698564608343,0.0218553942957676,64468
"24","2020/04/12",9,0,209,6,0.0150996474385106,0.0111027242236983,0.0205354423088944,64468
"25","2020/04/13",9,0,218,6,0.0142821680409863,0.0104801682697908,0.019463458858666,64468
"26","2020/04/14",1,0,219,6,0.013131054978381,0.0096207658685621,0.017922128778614,64468
"27","2020/04/15",4,1,223,7,0.0144033660754476,0.0110412473027013,0.0187892679708931,64468
"28","2020/04/16",0,0,223,7,0.0134196339623786,0.0102757956633941,0.0175253169275986,64468
"29","2020/04/17",11,2,234,9,0.0170115376952835,0.0138505542511354,0.0208939230525253,64468
"30","2020/04/18",0,0,234,9,0.016094618650089,0.0130939597075653,0.0197829193977228,64468
"31","2020/04/19",5,0,239,9,0.015632426770405,0.0127091891383257,0.0192280376090358,64468
"32","2020/04/20",0,0,239,9,0.0149380506847995,0.012138026238619,0.0183839904342658,64468
"33","2020/04/21",0,1,239,10,0.0159301862178032,0.0132225532774743,0.019192271538524,64468
"34","2020/04/22",0,0,239,10,0.0153574798613905,0.0127421213751222,0.0185096484917726,64468
"35","2020/04/23",4,0,243,10,0.01511755434569,0.0125383988524582,0.0182272435327804,64468
"36","2020/04/24",2,0,245,10,0.0148095637471844,0.0122793785176318,0.0178610976171958,64468
"37","2020/04/25",0,1,245,11,0.0158702308652689,0.0133917058666071,0.0188074790639609,64468
"38","2020/04/26",0,1,245,12,0.0169059482526008,0.0144760271734732,0.0197437517140998,64468
"39","2020/04/27",2,1,247,13,0.0180725631021886,0.0156666807697699,0.0208479091316408,64468
"40","2020/04/28",0,0,247,13,0.0177264440313697,0.0153636857497651,0.0204525673796789,64468
"41","2020/04/29",0,0,247,13,0.0174179592783986,0.0150942170121528,0.020099439750978,64468
"42","2020/04/30",4,0,251,13,0.0174216875911067,0.0150947381867602,0.0201073509700446,64468
"43","2020/05/01",0,0,251,13,0.0171703950866245,0.0148750727053719,0.0198199009356311,64468
"44","2020/05/02",1,0,252,13,0.0170054397065524,0.0147303031309158,0.0196319774985656,64468
"45","2020/05/03",0,0,252,13,0.0167908723366248,0.0145432427930276,0.0193858686014646,64468
"46","2020/05/04",0,0,252,13,0.0165946165406057,0.0143715195994795,0.0191615991770082,64468
"47","2020/05/05",0,0,252,13,0.0164169618130274,0.0142165436605759,0.0189579578275275,64468
"48","2020/05/06",0,0,252,13,0.0162572634883942,0.0140766223182661,0.0187757126784681,64468
"49","2020/05/07",0,0,252,13,0.0161141807369772,0.0139516796096198,0.0186118681112002,64468
"50","2020/05/08",0,0,252,13,0.0159860961675341,0.0138402687698875,0.0184646176260438,64468
"51","2020/05/09",0,0,252,13,0.0158713690216239,0.0137399321297601,0.0183334497027797,64468
"52","2020/05/10",0,0,252,13,0.015768457638186,0.0136498555173905,0.0182158892429655,64468
"53","2020/05/11",0,0,252,13,0.0156759681660714,0.013569308992716,0.0181096898947172,64468
"54","2020/05/12",0,0,252,13,0.0155926658022648,0.0134967244586217,0.0180140913127856,64468
"55","2020/05/13",0,0,252,13,0.0155174683895858,0.0134311642920702,0.0179278445252851,64468
"56","2020/05/14",0,0,252,13,0.0154494326399854,0.0133718112105951,0.0178498608108021,64468
"57","2020/05/15",0,0,252,13,0.0153877381112318,0.0133179543804788,0.0177791932165593,64468
"58","2020/05/16",0,0,252,13,0.0153316713842834,0.0132689757020568,0.0177150183038784,64468
"59","2020/05/17",0,0,252,13,0.0152806115130701,0.0132243371995102,0.0176566193594957,64468
"60","2020/05/18",0,0,252,13,0.0152340171257451,0.013183569842833,0.0176033715112192,64468
"61","2020/05/19",0,0,252,13,0.0151914152191265,0.0131467020090431,0.0175541437085259,64468
"62","2020/05/20",0,0,252,13,0.0151523915344082,0.013112493734752,0.0175096342355926,64468
"63","2020/05/21",0,0,252,13,0.0151165823423371,0.0130810729471932,0.017468831695621,64468
"64","2020/05/22",0,0,252,13,0.0150836674527638,0.0130525901815914,0.0174307950115866,64468
"65","2020/05/23",0,0,252,13,0.0150533642721115,0.0130259403606514,0.0173963467999136,64468
"66","2020/05/24",0,0,252,13,0.0150254227501031,0.0130017620711549,0.0173640563166575,64468
"67","2020/05/25",0,0,252,13,0.0149996210775847,0.0129794354309864,0.0173342387399993,64468
"68","2020/05/26",0,0,252,13,0.0149757620173487,0.0129583683501225,0.017307228961287,64468
"69","2020/05/27",0,0,252,13,0.0149536697681197,0.0129392521607185,0.0172816973312282,64468
"70","2020/05/28",0,0,252,13,0.0149331872778489,0.0129211120756313,0.0172585827729082,64468
"71","2020/05/29",0,0,252,13,0.0149141739361255,0.0129046605629858,0.0172366086741565,64468
"72","2020/05/30",0,0,252,13,0.0148965035870489,0.0128893710901769,0.017216186698828,64468
"73","2020/05/31",0,0,252,13,0.0148800628135479,0.0128751455217792,0.0171971857685484,64468
"74","2020/06/01",0,0,252,13,0.0148647494521694,0.0128614839259331,0.0171800375095319,64468
"75","2020/06/02",0,0,252,13,0.0148504713040285,0.0128491299892995,0.0171635354405655,64468
"76","2020/06/03",0,0,252,13,0.0148371450131438,0.0128375996317541,0.0171481334872397,64468
"77","2020/06/04",0,0,252,13,0.0148246950879771,0.0128268275354651,0.0171337443996844,64468
"78","2020/06/05",0,0,252,13,0.0148130530458058,0.0128163476512946,0.0171208324327633,64468
"79","2020/06/06",0,0,252,13,0.0148021566627288,0.0128069200313958,0.0171082384625529,64468
"80","2020/06/07",0,0,252,13,0.0147919493147458,0.0127980885690402,0.0170964408747188,64468
"81","2020/06/08",0,0,252,13,0.0147823793975551,0.0127898086158576,0.0170853800253375,64468
"82","2020/06/09",0,0,252,13,0.0147733998145567,0.0127820394235705,0.0170750014804584,64468
"83","2020/06/10",0,0,252,13,0.0147649675240965,0.0127747437522662,0.0170652554928117,64468
"84","2020/06/11",0,0,252,13,0.014757043138283,0.0127674855206307,0.0170566335738743,64468
"85","2020/06/12",0,0,252,13,0.0147495905668047,0.0127610377114356,0.0170480196679789,64468
"86","2020/06/13",0,0,252,13,0.0147425767001007,0.0127549694604487,0.0170399128302346,64468
"87","2020/06/14",0,0,252,13,0.0147359711270185,0.0127492544565762,0.0170322779105186,64468
"88","2020/06/15",0,0,252,13,0.0147297458827607,0.0127438685052593,0.0170250825862779,64468
"89","2020/06/16",0,0,252,13,0.0147238752234826,0.0127387893334613,0.017018297102004,64468
"90","2020/06/17",0,0,252,13,0.0147183354243911,0.0127339964149867,0.0170118940358686,64468
"91","2020/06/18",0,0,252,13,0.0147131045986027,0.0127294708137611,0.0170058480903547,64468
"92","2020/06/19",0,0,252,13,0.0147081625343744,0.0127251950430064,0.0170001359041226,64468
"93","2020/06/20",0,0,252,13,0.0147034905486236,0.0127211529385097,0.0169947358827046,64468
"94","2020/06/21",0,0,252,13,0.014699071354916,0.0127169323240646,0.0169901587262559,64468
"95","2020/06/22",0,0,252,13,0.0146948889443236,0.0127133139027936,0.0169853244195091,64468
"96","2020/06/23",0,0,252,13,0.0146909284777521,0.0127098874968564,0.0169807466503388,64468
"97","2020/06/24",0,0,252,13,0.0146871761885036,0.0127066411959656,0.0169764095062853,64468
"98","2020/06/25",0,0,252,13,0.0146836192939897,0.0127035639412381,0.0169722982123876,64468
"99","2020/06/26",0,0,252,13,0.0146802459156348,0.0127006454558993,0.0169683990386024,64468
"100","2020/06/27",0,0,252,13,0.0146770450061223,0.0126978761823403,0.0169646992157108,64468
