"","date","cases","deaths","cum_cases","cum_deaths","p_cases","p_cases_low","p_cases_high","population"
"1","2020/03/20",3,0,3,0,NA,NA,NA,126967
"2","2020/03/21",9,0,12,0,0,NA,NA,126967
"3","2020/03/22",2,1,14,1,0,NA,NA,126967
"4","2020/03/23",14,1,28,2,0,NA,NA,126967
"5","2020/03/24",8,0,36,2,0.0194499342432305,0.019413218417157,0.0194867195092009,126967
"6","2020/03/25",6,0,42,2,0.0122509557563487,0.0074910911017278,0.0200352545317995,126967
"7","2020/03/26",6,0,48,2,0.00865347918463936,0.00449397958544786,0.0166628932275232,126967
"8","2020/03/27",33,0,81,2,0.0100104611539333,0.00466234689024176,0.0214933240433364,126967
"9","2020/03/28",13,0,94,2,0.00829236744013336,0.0036118324357001,0.0190383576719985,126967
"10","2020/03/29",8,0,102,2,0.00649907334155151,0.00271463905364691,0.0155593261071383,126967
"11","2020/03/30",8,1,110,3,0.00787557130994808,0.00443802549508347,0.0139757249089239,126967
"12","2020/03/31",18,0,128,3,0.00717373888877672,0.00396866577423656,0.0129672117965759,126967
"13","2020/04/01",15,0,143,3,0.00649324428119529,0.00355060643479628,0.0118746535470903,126967
"14","2020/04/02",11,2,154,5,0.00965901105453288,0.00680431744943667,0.0137113671201969,126967
"15","2020/04/03",15,2,169,7,0.0125343377540097,0.00980486510002394,0.0160236394207207,126967
"16","2020/04/04",17,0,186,7,0.0118493667628262,0.00922111576558813,0.0152267357063177,126967
"17","2020/04/05",10,0,196,7,0.010865493793694,0.00842265239149287,0.0140168381518446,126967
"18","2020/04/06",31,0,227,7,0.011075282936307,0.0085568215627277,0.0143349830565067,126967
"19","2020/04/07",17,0,244,7,0.0105631892883803,0.00813999937278171,0.0137077366756627,126967
"20","2020/04/08",24,0,268,7,0.0103384837837844,0.00794728119945799,0.0134491588085322,126967
"21","2020/04/09",5,0,273,7,0.00942625872139277,0.00723193282155161,0.0122863908826478,126967
"22","2020/04/10",41,0,314,7,0.0097643231570333,0.00747944248621021,0.0127472076816899,126967
"23","2020/04/11",4,2,318,9,0.0115160301027785,0.00937339664198508,0.0141484409967331,126967
"24","2020/04/12",1,0,319,9,0.0105053871665862,0.00854020506981495,0.0129227762820296,126967
"25","2020/04/13",5,0,324,9,0.00978109258551034,0.00794317710674079,0.0120442703065424,126967
"26","2020/04/14",0,0,324,9,0.00905414434628638,0.00734637867367459,0.0111589033842146,126967
"27","2020/04/15",0,0,324,9,0.00846160401460817,0.00686077715204708,0.0104359522125959,126967
"28","2020/04/16",0,0,324,9,0.00797966292605427,0.00646631820347401,0.00984718326716985,126967
"29","2020/04/17",0,0,324,9,0.00758639487924299,0.0061450015546736,0.00936588652610378,126967
"30","2020/04/18",0,0,324,9,0.00726327915775715,0.00588097804452149,0.00897048479421791,126967
"31","2020/04/19",1,0,325,9,0.0070171576398135,0.00567985818096341,0.0086693188057102,126967
"32","2020/04/20",3,0,328,9,0.00685498142451598,0.00554710301191886,0.00847122727475799,126967
"33","2020/04/21",0,0,328,9,0.00666159558642058,0.00538942552551233,0.00823406048510144,126967
"34","2020/04/22",0,0,328,9,0.00649427541504261,0.00525311576584739,0.00802868526915539,126967
"35","2020/04/23",1,0,329,9,0.00636855267517664,0.0051505380727619,0.00787460700290498,126967
"36","2020/04/24",2,0,331,9,0.0062798211382812,0.00507794524260892,0.00776616360450198,126967
"37","2020/04/25",0,0,331,9,0.00616750945546712,0.00498647516568992,0.00762826879094934,126967
"38","2020/04/26",0,0,331,9,0.00606756627366724,0.00490517274244284,0.00750541569449594,126967
"39","2020/04/27",1,0,332,9,0.00599686710901314,0.00484753981467061,0.00741869412074283,126967
"40","2020/04/28",0,1,332,10,0.00657515361076227,0.00543149274252862,0.00795962492347789,126967
"41","2020/04/29",0,0,332,10,0.00649640651991316,0.00536594239205927,0.00786502995902906,126967
"42","2020/04/30",0,0,332,10,0.00642603866807238,0.00530745721018552,0.00778036851325231,126967
"43","2020/05/01",0,0,332,10,0.00636320923607001,0.0052552129912544,0.00770481269729504,126967
"44","2020/05/02",0,0,332,10,0.00630708351180391,0.00520863178777633,0.00763718842983356,126967
"45","2020/05/03",0,0,332,10,0.0062568745731668,0.00516683308297769,0.00757688100150114,126967
"46","2020/05/04",0,0,332,10,0.00621186965064488,0.00512945111128358,0.00752270052281421,126967
"47","2020/05/05",0,0,332,10,0.00617143798418609,0.00509585132366211,0.0074740498443907,126967
"48","2020/05/06",0,0,332,10,0.00613502832991682,0.0050655779838416,0.00743026219889284,126967
"49","2020/05/07",0,0,332,10,0.00610216189659755,0.00503823526523999,0.00739075844059721,126967
"50","2020/05/08",0,0,332,10,0.00607242382830893,0.00501358082786071,0.00735488913347156,126967
"51","2020/05/09",0,0,332,10,0.00604545473650314,0.00499121413505163,0.00732237126723279,126967
"52","2020/05/10",0,0,332,10,0.00602094292956996,0.00497077920050375,0.00729297204701119,126967
"53","2020/05/11",0,0,332,10,0.00599861756107683,0.00495225027528102,0.00726607312713359,126967
"54","2020/05/12",0,0,332,10,0.00597824271538296,0.00493533294309215,0.00724153494326109,126967
"55","2020/05/13",0,0,332,10,0.00595961236089074,0.00491985701143079,0.00721910807764568,126967
"56","2020/05/14",0,0,332,10,0.00594254606919033,0.00490567343814604,0.00719857410602433,126967
"57","2020/05/15",0,0,332,10,0.00592688539327512,0.00489265133939868,0.00717974121355136,126967
"58","2020/05/16",0,0,332,10,0.00591249080492309,0.00488076858862698,0.00716230382234409,126967
"59","2020/05/17",0,0,332,10,0.00589923910281488,0.0048697363715746,0.00714638726550355,126967
"60","2020/05/18",0,0,332,10,0.00588702121540468,0.00485955853245042,0.00713172164903404,126967
"61","2020/05/19",0,0,332,10,0.00587574033434045,0.00485024650522589,0.00711805563684176,126967
"62","2020/05/20",0,0,332,10,0.00586531032470166,0.00484154560660188,0.00710555430029242,126967
"63","2020/05/21",0,0,332,10,0.00585565436731874,0.00483348452917714,0.00709398941126565,126967
"64","2020/05/22",0,0,332,10,0.00584670379602008,0.00482609638001643,0.00708314600179602,126967
"65","2020/05/23",0,0,332,10,0.00583839709896847,0.00481915000765262,0.00707321428698314,126967
"66","2020/05/24",0,0,332,10,0.00583067905847699,0.00481277935586873,0.00706386388594901,126967
"67","2020/05/25",2,0,334,10,0.00585858133335691,0.00483581054849263,0.00709766747381303,126967
"68","2020/05/26",0,0,334,10,0.00585130003903261,0.00482971105018469,0.00708897733032575,126967
"69","2020/05/27",0,0,334,10,0.00584333939061294,0.00482314026567823,0.0070793328315297,126967
"70","2020/05/28",0,0,334,10,0.00583512136935338,0.00481626849008591,0.00706950649972531,126967
"71","2020/05/29",0,0,334,10,0.00582704669066789,0.00480960370660346,0.00705972367091388,126967
"72","2020/05/30",1,0,335,10,0.00583676478312928,0.00481753691570986,0.00707162679386721,126967
"73","2020/05/31",0,0,335,10,0.00582923505242191,0.00481132204206051,0.00706250402682085,126967
"74","2020/06/01",0,0,335,10,0.00582164862808564,0.00480506037474031,0.00705331257169128,126967
"75","2020/06/02",0,0,335,10,0.00581422620043104,0.00479884690466766,0.00704444775616777,126967
"76","2020/06/03",0,0,335,10,0.00580715756487521,0.00479301271475348,0.00703588348086029,126967
"77","2020/06/04",0,0,335,10,0.00580053668132838,0.00478746165456075,0.00702798857080831,126967
"78","2020/06/05",0,0,335,10,0.00579439260053191,0.00478239064943975,0.00702054434073307,126967
"79","2020/06/06",2,0,337,10,0.00582327804561744,0.00480623119529252,0.00705554223645835,126967
"80","2020/06/07",0,0,337,10,0.00581747330015977,0.00480135410467785,0.0070486356265828,126967
"81","2020/06/08",0,0,337,10,0.00581097037071179,0.00479598702082778,0.00704075647049231,126967
"82","2020/06/09",0,0,337,10,0.0058041829608432,0.00479038514582961,0.00703253262887869,126967
"83","2020/06/10",0,0,337,10,0.00579750207498134,0.00478478584790178,0.00702456314197469,126967
"84","2020/06/11",0,0,337,10,0.00579114729472507,0.00477954113004856,0.00701686335082564,126967
"85","2020/06/12",0,0,337,10,0.00578521712855101,0.00477464685406239,0.00700967804477601,126967
"86","2020/06/13",0,0,337,10,0.00577974083841857,0.00477004260358728,0.00700316683422515,126967
"87","2020/06/14",0,0,337,10,0.00577471126592552,0.00476589167783811,0.00699707262753693,126967
"88","2020/06/15",0,0,337,10,0.00577010353587823,0.00476208890030088,0.00699148955674702,126967
"89","2020/06/16",0,0,337,10,0.005765885300158,0.00475852371653904,0.00698650154438195,126967
"90","2020/06/17",0,0,337,10,0.00576202219836559,0.00475533553978185,0.00698182063846139,126967
"91","2020/06/18",0,0,337,10,0.00575848066442779,0.00475241274954954,0.00697752937510149,126967
"92","2020/06/19",0,0,337,10,0.00575522927334151,0.0047497294111218,0.00697358967674414,126967
