"","date","cases","deaths","cum_cases","cum_deaths","p_cases","p_cases_low","p_cases_high","population"
"1","2020/03/20",3,0,3,0,NA,NA,NA,1269670
"2","2020/03/21",9,0,12,0,0,NA,NA,1269670
"3","2020/03/22",2,1,14,1,0,NA,NA,1269670
"4","2020/03/23",14,1,28,2,0,NA,NA,1269670
"5","2020/03/24",8,0,36,2,0.00194499342432305,0.0019413218417157,0.00194867195092009,1269670
"6","2020/03/25",6,0,42,2,0.00122509557563487,0.00074910911017278,0.00200352545317994,1269670
"7","2020/03/26",6,0,48,2,0.000865347918463936,0.000449397958544786,0.00166628932275232,1269670
"8","2020/03/27",33,0,81,2,0.00100104611539333,0.000466234689024176,0.00214933240433364,1269670
"9","2020/03/28",13,0,94,2,0.000829236744013336,0.00036118324357001,0.00190383576719985,1269670
"10","2020/03/29",8,0,102,2,0.000649907334155151,0.000271463905364691,0.00155593261071383,1269670
"11","2020/03/30",8,1,110,3,0.000787557130994808,0.000443802549508347,0.00139757249089239,1269670
"12","2020/03/31",18,0,128,3,0.000717373888877672,0.000396866577423656,0.00129672117965759,1269670
"13","2020/04/01",15,0,143,3,0.000649324428119529,0.000355060643479628,0.00118746535470903,1269670
"14","2020/04/02",11,2,154,5,0.000965901105453288,0.000680431744943668,0.00137113671201969,1269670
"15","2020/04/03",15,2,169,7,0.00125343377540097,0.000980486510002394,0.00160236394207207,1269670
"16","2020/04/04",17,0,186,7,0.00118493667628262,0.000922111576558813,0.00152267357063177,1269670
"17","2020/04/05",10,0,196,7,0.0010865493793694,0.000842265239149286,0.00140168381518446,1269670
"18","2020/04/06",31,0,227,7,0.0011075282936307,0.00085568215627277,0.00143349830565067,1269670
"19","2020/04/07",17,0,244,7,0.00105631892883803,0.000813999937278171,0.00137077366756627,1269670
"20","2020/04/08",24,0,268,7,0.00103384837837844,0.000794728119945799,0.00134491588085322,1269670
"21","2020/04/09",5,0,273,7,0.000942625872139277,0.000723193282155161,0.00122863908826478,1269670
"22","2020/04/10",41,0,314,7,0.000976432315703331,0.000747944248621021,0.00127472076816899,1269670
"23","2020/04/11",4,2,318,9,0.00115160301027785,0.000937339664198508,0.00141484409967331,1269670
"24","2020/04/12",1,0,319,9,0.00105053871665862,0.000854020506981494,0.00129227762820296,1269670
"25","2020/04/13",5,0,324,9,0.000978109258551034,0.000794317710674079,0.00120442703065424,1269670
"26","2020/04/14",0,0,324,9,0.000905414434628638,0.000734637867367459,0.00111589033842146,1269670
"27","2020/04/15",0,0,324,9,0.000846160401460817,0.000686077715204708,0.00104359522125959,1269670
"28","2020/04/16",0,0,324,9,0.000797966292605427,0.000646631820347401,0.000984718326716985,1269670
"29","2020/04/17",0,0,324,9,0.000758639487924299,0.00061450015546736,0.000936588652610378,1269670
"30","2020/04/18",0,0,324,9,0.000726327915775715,0.000588097804452149,0.000897048479421791,1269670
"31","2020/04/19",1,0,325,9,0.00070171576398135,0.000567985818096341,0.00086693188057102,1269670
"32","2020/04/20",3,0,328,9,0.000685498142451598,0.000554710301191886,0.000847122727475799,1269670
"33","2020/04/21",0,0,328,9,0.000666159558642058,0.000538942552551233,0.000823406048510144,1269670
"34","2020/04/22",0,0,328,9,0.000649427541504261,0.000525311576584739,0.000802868526915539,1269670
"35","2020/04/23",1,0,329,9,0.000636855267517664,0.000515053807276189,0.000787460700290498,1269670
"36","2020/04/24",2,0,331,9,0.00062798211382812,0.000507794524260892,0.000776616360450198,1269670
"37","2020/04/25",0,0,331,9,0.000616750945546712,0.000498647516568992,0.000762826879094934,1269670
"38","2020/04/26",0,0,331,9,0.000606756627366724,0.000490517274244284,0.000750541569449594,1269670
"39","2020/04/27",1,0,332,9,0.000599686710901314,0.000484753981467061,0.000741869412074283,1269670
"40","2020/04/28",0,1,332,10,0.000657515361076227,0.000543149274252862,0.000795962492347789,1269670
"41","2020/04/29",0,0,332,10,0.000649640651991316,0.000536594239205927,0.000786502995902906,1269670
"42","2020/04/30",0,0,332,10,0.000642603866807238,0.000530745721018552,0.000778036851325231,1269670
"43","2020/05/01",0,0,332,10,0.000636320923607001,0.00052552129912544,0.000770481269729504,1269670
"44","2020/05/02",0,0,332,10,0.000630708351180391,0.000520863178777633,0.000763718842983356,1269670
"45","2020/05/03",0,0,332,10,0.00062568745731668,0.000516683308297769,0.000757688100150114,1269670
"46","2020/05/04",0,0,332,10,0.000621186965064488,0.000512945111128358,0.000752270052281421,1269670
"47","2020/05/05",0,0,332,10,0.000617143798418609,0.000509585132366211,0.00074740498443907,1269670
"48","2020/05/06",0,0,332,10,0.000613502832991683,0.00050655779838416,0.000743026219889283,1269670
"49","2020/05/07",0,0,332,10,0.000610216189659754,0.000503823526523999,0.000739075844059721,1269670
"50","2020/05/08",0,0,332,10,0.000607242382830893,0.000501358082786072,0.000735488913347156,1269670
"51","2020/05/09",0,0,332,10,0.000604545473650314,0.000499121413505163,0.000732237126723279,1269670
"52","2020/05/10",0,0,332,10,0.000602094292956996,0.000497077920050375,0.000729297204701119,1269670
"53","2020/05/11",0,0,332,10,0.000599861756107683,0.000495225027528102,0.000726607312713359,1269670
"54","2020/05/12",0,0,332,10,0.000597824271538295,0.000493533294309215,0.000724153494326109,1269670
"55","2020/05/13",0,0,332,10,0.000595961236089074,0.000491985701143079,0.000721910807764568,1269670
"56","2020/05/14",0,0,332,10,0.000594254606919033,0.000490567343814604,0.000719857410602433,1269670
"57","2020/05/15",0,0,332,10,0.000592688539327512,0.000489265133939868,0.000717974121355136,1269670
"58","2020/05/16",0,0,332,10,0.000591249080492309,0.000488076858862698,0.000716230382234409,1269670
"59","2020/05/17",0,0,332,10,0.000589923910281488,0.00048697363715746,0.000714638726550355,1269670
"60","2020/05/18",0,0,332,10,0.000588702121540468,0.000485955853245042,0.000713172164903404,1269670
"61","2020/05/19",0,0,332,10,0.000587574033434045,0.000485024650522589,0.000711805563684176,1269670
"62","2020/05/20",0,0,332,10,0.000586531032470166,0.000484154560660188,0.000710555430029242,1269670
"63","2020/05/21",0,0,332,10,0.000585565436731874,0.000483348452917714,0.000709398941126565,1269670
"64","2020/05/22",0,0,332,10,0.000584670379602008,0.000482609638001643,0.000708314600179602,1269670
"65","2020/05/23",0,0,332,10,0.000583839709896847,0.000481915000765262,0.000707321428698314,1269670
"66","2020/05/24",0,0,332,10,0.000583067905847699,0.000481277935586873,0.000706386388594901,1269670
"67","2020/05/25",2,0,334,10,0.000585858133335691,0.000483581054849263,0.000709766747381303,1269670
"68","2020/05/26",0,0,334,10,0.000585130003903261,0.000482971105018469,0.000708897733032575,1269670
"69","2020/05/27",0,0,334,10,0.000584333939061294,0.000482314026567823,0.00070793328315297,1269670
"70","2020/05/28",0,0,334,10,0.000583512136935338,0.000481626849008591,0.000706950649972531,1269670
"71","2020/05/29",0,0,334,10,0.000582704669066789,0.000480960370660346,0.000705972367091388,1269670
"72","2020/05/30",1,0,335,10,0.000583676478312928,0.000481753691570986,0.000707162679386721,1269670
"73","2020/05/31",0,0,335,10,0.000582923505242191,0.000481132204206051,0.000706250402682085,1269670
"74","2020/06/01",0,0,335,10,0.000582164862808564,0.000480506037474031,0.000705331257169128,1269670
"75","2020/06/02",0,0,335,10,0.000581422620043104,0.000479884690466766,0.000704444775616777,1269670
"76","2020/06/03",0,0,335,10,0.000580715756487521,0.000479301271475348,0.000703588348086029,1269670
"77","2020/06/04",0,0,335,10,0.000580053668132838,0.000478746165456075,0.000702798857080831,1269670
"78","2020/06/05",0,0,335,10,0.000579439260053191,0.000478239064943975,0.000702054434073307,1269670
"79","2020/06/06",2,0,337,10,0.000582327804561744,0.000480623119529252,0.000705554223645835,1269670
"80","2020/06/07",0,0,337,10,0.000581747330015977,0.000480135410467785,0.00070486356265828,1269670
"81","2020/06/08",0,0,337,10,0.000581097037071179,0.000479598702082778,0.000704075647049231,1269670
"82","2020/06/09",0,0,337,10,0.00058041829608432,0.000479038514582961,0.000703253262887869,1269670
"83","2020/06/10",0,0,337,10,0.000579750207498134,0.000478478584790178,0.000702456314197469,1269670
"84","2020/06/11",0,0,337,10,0.000579114729472507,0.000477954113004856,0.000701686335082564,1269670
"85","2020/06/12",0,0,337,10,0.000578521712855101,0.000477464685406239,0.000700967804477602,1269670
"86","2020/06/13",0,0,337,10,0.000577974083841857,0.000477004260358728,0.000700316683422515,1269670
"87","2020/06/14",0,0,337,10,0.000577471126592552,0.000476589167783811,0.000699707262753693,1269670
"88","2020/06/15",0,0,337,10,0.000577010353587823,0.000476208890030088,0.000699148955674702,1269670
"89","2020/06/16",0,0,337,10,0.0005765885300158,0.000475852371653904,0.000698650154438195,1269670
"90","2020/06/17",0,0,337,10,0.000576202219836559,0.000475533553978185,0.000698182063846139,1269670
"91","2020/06/18",0,0,337,10,0.000575848066442779,0.000475241274954954,0.000697752937510149,1269670
"92","2020/06/19",0,0,337,10,0.000575522927334151,0.00047497294111218,0.000697358967674414,1269670
"93","2020/06/20",0,0,337,10,0.00057522392928642,0.000474726181208495,0.000696996672863905,1269670
"94","2020/06/21",0,0,337,10,0.000574948481030541,0.0004744905448765,0.000696675116941193,1269670
"95","2020/06/22",0,0,337,10,0.000574694264065604,0.000474280745998532,0.000696367077804437,1269670
"96","2020/06/23",3,0,340,10,0.000579573093299299,0.000478307121261418,0.000702278840404155,1269670
"97","2020/06/24",0,0,340,10,0.000579273104832386,0.000478059548312156,0.000701915339138975,1269670
"98","2020/06/25",1,0,341,10,0.000580526903230885,0.000479094276648516,0.000703434588558209,1269670
"99","2020/06/26",0,0,341,10,0.000579965731083823,0.000478622821065361,0.000702766843592818,1269670
"100","2020/06/27",0,0,341,10,0.000579326951304489,0.000478095661332227,0.000701992809498709,1269670
"101","2020/06/28",0,0,341,10,0.000578668723914952,0.000477552452254177,0.000701195209985291,1269670
"102","2020/06/29",0,0,341,10,0.00057802989004717,0.000477016990841858,0.000700433234460428,1269670
"103","2020/06/30",0,0,341,10,0.000577430209756462,0.000476522106939371,0.000699706566146392,1269670
"104","2020/07/01",0,0,341,10,0.000576877664582812,0.000476066121114803,0.000699037014260186,1269670
