"","date","cases","deaths","cum_cases","cum_deaths","p_cases","p_cases_daily","population"
"1",NA,1,0,1,0,1.90208207039047e-08,1.90208207039047e-08,52573967
"2",NA,0,0,1,0,1.90208207039047e-08,0,52573967
"3",NA,2,0,3,0,5.7062462111714e-08,3.80416414078093e-08,52573967
"4",NA,0,0,3,0,5.7062462111714e-08,0,52573967
"5",NA,1,0,4,0,7.60832828156186e-08,1.90208207039047e-08,52573967
"6",NA,3,0,7,0,1.33145744927333e-07,5.7062462111714e-08,52573967
"7",NA,0,0,7,0,1.33145744927333e-07,0,52573967
"8",NA,0,0,7,0,1.33145744927333e-07,0,52573967
"9",NA,0,0,7,0,1.33145744927333e-07,0,52573967
"10",NA,8,0,15,0,2.8531231055857e-07,1.52166565631237e-07,52573967
"11",NA,1,0,16,0,3.04333131262474e-07,1.90208207039047e-08,52573967
"12",NA,9,0,25,0,4.75520517597616e-07,1.71187386335142e-07,52573967
"13",NA,0,0,25,0,4.75520517597616e-07,0,52573967
"14",NA,6,1,31,1,5.89645441821044e-07,1.14124924223428e-07,52573967
"15",NA,0,0,31,1,5.89645441821044e-07,0,52573967
"16",NA,7,0,38,1,7.22791186748377e-07,1.33145744927333e-07,52573967
"17",NA,4,0,42,1,7.98874469563995e-07,7.60832828156186e-08,52573967
"18",NA,8,0,50,1,9.51041035195233e-07,1.52166565631237e-07,52573967
"19",NA,9,0,59,1,1.12222842153037e-06,1.71187386335142e-07,52573967
"20",NA,22,0,81,1,1.54068647701628e-06,4.18458055485902e-07,52573967
"21",NA,29,2,110,3,2.09229027742951e-06,5.51603800413235e-07,52573967
"22",NA,12,1,122,4,2.32054012587637e-06,2.28249848446856e-07,52573967
"23",NA,4,0,126,4,2.39662340869199e-06,7.60832828156186e-08,52573967
"24",NA,16,0,142,4,2.70095653995446e-06,3.04333131262474e-07,52573967
"25",NA,16,0,158,4,3.00528967121694e-06,3.04333131262474e-07,52573967
"26",NA,14,2,172,6,3.2715811610716e-06,2.66291489854665e-07,52573967
"27",NA,7,0,179,6,3.40472690599893e-06,1.33145744927333e-07,52573967
"28",NA,5,1,184,7,3.49983100951846e-06,9.51041035195233e-08,52573967
"29",NA,5,0,189,7,3.59493511303798e-06,9.51041035195233e-08,52573967
"30",NA,2,0,191,7,3.63297675444579e-06,3.80416414078093e-08,52573967
"31",NA,6,1,197,8,3.74710167866922e-06,1.14124924223428e-07,52573967
"32",NA,11,1,208,9,3.95633070641217e-06,2.09229027742951e-07,52573967
"33",NA,8,0,216,9,4.10849727204341e-06,1.52166565631237e-07,52573967
"34",NA,9,1,225,10,4.27968465837855e-06,1.71187386335142e-07,52573967
"35",NA,9,1,234,11,4.45087204471369e-06,1.71187386335142e-07,52573967
"36",NA,12,0,246,11,4.67912189316054e-06,2.28249848446856e-07,52573967
"37",NA,16,1,262,12,4.98345502442302e-06,3.04333131262474e-07,52573967
"38",NA,8,2,270,14,5.13562159005426e-06,1.52166565631237e-07,52573967
"39",NA,11,0,281,14,5.34485061779721e-06,2.09229027742951e-07,52573967
"40",NA,0,0,281,14,5.34485061779721e-06,0,52573967
"41",NA,22,0,303,14,5.76330867328311e-06,4.18458055485902e-07,52573967
"42",NA,17,0,320,14,6.08666262524949e-06,3.23353951966379e-07,52573967
"43",NA,16,0,336,14,6.39099575651196e-06,3.04333131262474e-07,52573967
"44",NA,7,0,343,14,6.5241415014393e-06,1.33145744927333e-07,52573967
"45",NA,12,0,355,14,6.75239134988615e-06,2.28249848446856e-07,52573967
"46",NA,8,0,363,14,6.90455791551739e-06,1.52166565631237e-07,52573967
"47",NA,11,0,374,14,7.11378694326034e-06,2.09229027742951e-07,52573967
"48",NA,10,1,384,15,7.30399515029939e-06,1.90208207039047e-07,52573967
"49",NA,12,2,396,17,7.53224499874624e-06,2.28249848446856e-07,52573967
"50",NA,15,4,411,21,7.81755730930481e-06,2.8531231055857e-07,52573967
"51",NA,24,1,435,22,8.27405700619852e-06,4.56499696893712e-07,52573967
"52",NA,30,2,465,24,8.84468162731566e-06,5.7062462111714e-07,52573967
"53",NA,25,0,490,24,9.32020214491328e-06,4.75520517597616e-07,52573967
"54",NA,45,0,535,24,1.0176139076589e-05,8.55936931675709e-07,52573967
"55",NA,47,2,582,26,1.10701176496725e-05,8.93978573083519e-07,52573967
"56",NA,25,3,607,29,1.15456381672701e-05,4.75520517597616e-07,52573967
"57",NA,14,0,621,29,1.18119296571248e-05,2.66291489854665e-07,52573967
"58",NA,28,1,649,30,1.23445126368341e-05,5.3258297970933e-07,52573967
"59",NA,23,2,672,32,1.27819915130239e-05,4.37478876189807e-07,52573967
"60",NA,28,1,700,33,1.33145744927333e-05,5.3258297970933e-07,52573967
"61",NA,15,3,715,36,1.35998868032918e-05,2.8531231055857e-07,52573967
"62",NA,22,4,737,40,1.40183448587777e-05,4.18458055485902e-07,52573967
"63",NA,21,2,758,42,1.44177820935597e-05,3.99437234781998e-07,52573967
"64",NA,23,3,781,45,1.48552609697495e-05,4.37478876189807e-07,52573967
"65",NA,49,5,830,50,1.57872811842409e-05,9.32020214491328e-07,52573967
"66",NA,57,0,887,50,1.68714679643634e-05,1.08418678012257e-06,52573967
"67",NA,25,0,912,50,1.7346988481961e-05,4.75520517597616e-07,52573967
"68",NA,51,0,963,50,1.83170503378602e-05,9.70061855899137e-07,52573967
"69",NA,66,0,1029,50,1.95724245043179e-05,1.25537416645771e-06,52573967
"70",NA,80,0,1109,50,2.10940901606303e-05,1.52166565631237e-06,52573967
"71",NA,52,0,1161,50,2.20831728372333e-05,9.89082676603042e-07,52573967
"72",NA,31,0,1192,50,2.26728182790543e-05,5.89645441821044e-07,52573967
"73",NA,22,1,1214,51,2.30912763345402e-05,4.18458055485902e-07,52573967
"74",NA,72,1,1286,52,2.44607754252214e-05,1.36949909068114e-06,52573967
"75",NA,62,0,1348,52,2.56400663088635e-05,1.17929088364209e-06,52573967
"76",NA,123,3,1471,55,2.79796272554437e-05,2.33956094658027e-06,52573967
"77",NA,147,3,1618,58,3.07756878989177e-05,2.79606064347398e-06,52573967
"78",NA,127,4,1745,62,3.31913321283136e-05,2.41564422939589e-06,52573967
"79",NA,143,1,1888,63,3.5911309488972e-05,2.71997736065837e-06,52573967
"80",NA,74,1,1962,64,3.73188502210609e-05,1.40754073208894e-06,52573967
"81",NA,59,5,2021,69,3.84410786425913e-05,1.12222842153037e-06,52573967
"82",NA,72,2,2093,71,3.98105777332724e-05,1.36949909068114e-06,52573967
"83",NA,123,3,2216,74,4.21501386798527e-05,2.33956094658027e-06,52573967
"84",NA,124,4,2340,78,4.45087204471369e-05,2.35858176728418e-06,52573967
"85",NA,134,1,2474,79,4.70575104214601e-05,2.54878997432322e-06,52573967
"86",NA,126,4,2600,83,4.94541338301521e-05,2.39662340869199e-06,52573967
"87",NA,167,1,2767,84,5.26306108877042e-05,3.17647705755208e-06,52573967
"88",NA,95,1,2862,85,5.44375888545751e-05,1.80697796687094e-06,52573967
"89",NA,127,3,2989,88,5.6853233083971e-05,2.41564422939589e-06,52573967
"90",NA,105,1,3094,89,5.8850419257881e-05,1.99718617390999e-06,52573967
"91",NA,121,3,3215,92,6.11519385630535e-05,2.30151930517246e-06,52573967
"92",NA,90,4,3305,96,6.28638124264049e-05,1.71187386335142e-06,52573967
"93",NA,152,4,3457,100,6.57549771733984e-05,2.89116474699351e-06,52573967
"94",NA,137,3,3594,103,6.83608296098333e-05,2.60585243643494e-06,52573967
"95",NA,133,1,3727,104,7.08905987634526e-05,2.52976915361932e-06,52573967
"96",NA,133,1,3860,105,7.3420367917072e-05,2.52976915361932e-06,52573967
"97",NA,184,2,4044,107,7.69201989265904e-05,3.49983100951846e-06,52573967
"98",NA,213,10,4257,117,8.09716337365221e-05,4.05143480993169e-06,52573967
"99",NA,117,2,4374,119,8.3197069758879e-05,2.22543602235684e-06,52573967
"100",NA,104,2,4478,121,8.5175235112085e-05,1.97816535320608e-06,52573967
"101",NA,260,2,4738,123,9.01206484951002e-05,4.94541338301521e-06,52573967
"102",NA,59,2,4797,125,9.12428769166306e-05,1.12222842153037e-06,52573967
"103",NA,155,3,4952,128,9.41911041257358e-05,2.94822720910522e-06,52573967
"104",NA,254,2,5206,130,9.90223925845276e-05,4.83128845879178e-06,52573967
"105",NA,178,2,5384,132,0.000102408098669823,3.38570608529503e-06,52573967
"106",NA,149,5,5533,137,0.000105242200954704,2.83410228488179e-06,52573967
"107",NA,278,4,5811,141,0.00011052998911039,5.28778815568549e-06,52573967
"108",NA,259,2,6070,143,0.000115456381672701,4.9263925623113e-06,52573967
"109",NA,120,1,6190,144,0.00011773888015717,2.28249848446856e-06,52573967
"110",NA,176,4,6366,148,0.000121086544601057,3.34766444388722e-06,52573967
"111",NA,307,1,6673,149,0.000126925936557156,5.83939195609873e-06,52573967
"112",NA,268,3,6941,152,0.000132023516505802,5.09757994864645e-06,52573967
"113",NA,247,2,7188,154,0.000136721659219667,4.69814271386445e-06,52573967
"114",NA,389,5,7577,159,0.000144120758473486,7.39909925381891e-06,52573967
"115",NA,309,1,7886,160,0.000149998192070992,5.87743359750654e-06,52573967
"116",NA,181,4,8067,164,0.000153440960618399,3.44276854740674e-06,52573967
"117",NA,183,3,8250,167,0.000156921770807213,3.48081018881455e-06,52573967
"118",NA,278,2,8528,169,0.000162209558962899,5.28778815568549e-06,52573967
"119",NA,447,4,8975,173,0.000170711865817544,8.50230685464538e-06,52573967
"120",NA,473,8,9448,181,0.000179708714010491,8.9968481929469e-06,52573967
