"","date","cases","deaths","cum_cases","cum_deaths","p_cases","p_cases_daily","population"
"1",NA,1,0,1,0,2.60565949241753e-05,2.60565949241753e-05,38378
"2",NA,2,0,3,0,7.81697847725259e-05,5.21131898483506e-05,38378
"3",NA,1,0,4,0,0.000104226379696701,2.60565949241753e-05,38378
"4",NA,0,0,4,0,0.000104226379696701,0,38378
"5",NA,0,0,4,0,0.000104226379696701,0,38378
"6",NA,3,0,7,0,0.000182396164469227,7.81697847725259e-05,38378
"7",NA,0,0,7,0,0.000182396164469227,0,38378
"8",NA,0,0,7,0,0.000182396164469227,0,38378
"9",NA,18,0,25,0,0.000651414873104383,0.000469018708635156,38378
"10",NA,0,0,25,0,0.000651414873104383,0,38378
"11",NA,9,0,34,0,0.00088592422742196,0.000234509354317578,38378
"12",NA,2,0,36,0,0.000938037417270311,5.21131898483506e-05,38378
"13",NA,10,0,46,0,0.00119860336651206,0.000260565949241753,38378
"14",NA,0,0,46,0,0.00119860336651206,0,38378
"15",NA,1,0,47,0,0.00122465996143624,2.60565949241753e-05,38378
"16",NA,4,0,51,0,0.00132888634113294,0.000104226379696701,38378
"17",NA,5,0,56,0,0.00145916931575382,0.000130282974620877,38378
"18",NA,4,0,60,0,0.00156339569545052,0.000104226379696701,38378
"19",NA,1,0,61,0,0.00158945229037469,2.60565949241753e-05,38378
"20",NA,1,0,62,0,0.00161550888529887,2.60565949241753e-05,38378
"21",NA,2,0,64,0,0.00166762207514722,5.21131898483506e-05,38378
"22",NA,4,0,68,0,0.00177184845484392,0.000104226379696701,38378
"23",NA,4,0,72,0,0.00187607483454062,0.000104226379696701,38378
"24",NA,3,0,75,0,0.00195424461931315,7.81697847725259e-05,38378
"25",NA,0,0,75,0,0.00195424461931315,0,38378
"26",NA,2,1,77,1,0.0020063578091615,5.21131898483506e-05,38378
"27",NA,1,0,78,1,0.00203241440408567,2.60565949241753e-05,38378
"28",NA,0,0,78,1,0.00203241440408567,0,38378
"29",NA,0,0,78,1,0.00203241440408567,0,38378
"30",NA,1,0,79,1,0.00205847099900985,2.60565949241753e-05,38378
"31",NA,0,0,79,1,0.00205847099900985,0,38378
"32",NA,1,0,80,1,0.00208452759393402,2.60565949241753e-05,38378
"33",NA,0,0,80,1,0.00208452759393402,0,38378
"34",NA,0,0,80,1,0.00208452759393402,0,38378
"35",NA,1,0,81,1,0.0021105841888582,2.60565949241753e-05,38378
"36",NA,0,0,81,1,0.0021105841888582,0,38378
"37",NA,0,0,81,1,0.0021105841888582,0,38378
"38",NA,0,0,81,1,0.0021105841888582,0,38378
"39",NA,0,0,81,1,0.0021105841888582,0,38378
"40",NA,1,0,82,1,0.00213664078378238,2.60565949241753e-05,38378
"41",NA,0,0,82,1,0.00213664078378238,0,38378
"42",NA,0,0,82,1,0.00213664078378238,0,38378
"43",NA,0,0,82,1,0.00213664078378238,0,38378
"44",NA,0,0,82,1,0.00213664078378238,0,38378
"45",NA,0,0,82,1,0.00213664078378238,0,38378
"46",NA,0,0,82,1,0.00213664078378238,0,38378
"47",NA,1,0,83,1,0.00216269737870655,2.60565949241753e-05,38378
"48",NA,0,0,83,1,0.00216269737870655,0,38378
"49",NA,0,0,83,1,0.00216269737870655,0,38378
"50",NA,0,0,83,1,0.00216269737870655,0,38378
"51",NA,0,0,83,1,0.00216269737870655,0,38378
"52",NA,0,0,83,1,0.00216269737870655,0,38378
"53",NA,0,0,83,1,0.00216269737870655,0,38378
"54",NA,0,0,83,1,0.00216269737870655,0,38378
"55",NA,0,0,83,1,0.00216269737870655,0,38378
"56",NA,0,0,83,1,0.00216269737870655,0,38378
"57",NA,0,0,83,1,0.00216269737870655,0,38378
"58",NA,0,0,83,1,0.00216269737870655,0,38378
"59",NA,0,0,83,1,0.00216269737870655,0,38378
"60",NA,0,0,83,1,0.00216269737870655,0,38378
"61",NA,0,0,83,1,0.00216269737870655,0,38378
"62",NA,0,0,83,1,0.00216269737870655,0,38378
"63",NA,0,0,83,1,0.00216269737870655,0,38378
"64",NA,0,0,83,1,0.00216269737870655,0,38378
"65",NA,0,0,83,1,0.00216269737870655,0,38378
"66",NA,0,0,83,1,0.00216269737870655,0,38378
"67",NA,0,0,83,1,0.00216269737870655,0,38378
"68",NA,0,0,83,1,0.00216269737870655,0,38378
"69",NA,0,0,83,1,0.00216269737870655,0,38378
"70",NA,0,0,83,1,0.00216269737870655,0,38378
"71",NA,0,0,83,1,0.00216269737870655,0,38378
"72",NA,0,0,83,1,0.00216269737870655,0,38378
"73",NA,0,0,83,1,0.00216269737870655,0,38378
"74",NA,0,0,83,1,0.00216269737870655,0,38378
"75",NA,0,0,83,1,0.00216269737870655,0,38378
"76",NA,0,0,83,1,0.00216269737870655,0,38378
"77",NA,0,0,83,1,0.00216269737870655,0,38378
"78",NA,0,0,83,1,0.00216269737870655,0,38378
"79",NA,0,0,83,1,0.00216269737870655,0,38378
"80",NA,0,0,83,1,0.00216269737870655,0,38378
"81",NA,0,0,83,1,0.00216269737870655,0,38378
"82",NA,0,0,83,1,0.00216269737870655,0,38378
"83",NA,0,0,83,1,0.00216269737870655,0,38378
"84",NA,0,0,83,1,0.00216269737870655,0,38378
"85",NA,0,0,83,1,0.00216269737870655,0,38378
"86",NA,0,0,83,1,0.00216269737870655,0,38378
"87",NA,0,0,83,1,0.00216269737870655,0,38378
"88",NA,0,0,83,1,0.00216269737870655,0,38378
"89",NA,0,0,83,1,0.00216269737870655,0,38378
"90",NA,0,0,83,1,0.00216269737870655,0,38378
"91",NA,0,0,83,1,0.00216269737870655,0,38378
"92",NA,0,0,83,1,0.00216269737870655,0,38378
"93",NA,0,0,83,1,0.00216269737870655,0,38378
"94",NA,0,0,83,1,0.00216269737870655,0,38378
"95",NA,0,0,83,1,0.00216269737870655,0,38378
"96",NA,0,0,83,1,0.00216269737870655,0,38378
"97",NA,0,0,83,1,0.00216269737870655,0,38378
"98",NA,0,0,83,1,0.00216269737870655,0,38378
"99",NA,0,0,83,1,0.00216269737870655,0,38378
"100",NA,0,0,83,1,0.00216269737870655,0,38378
"101",NA,0,0,83,1,0.00216269737870655,0,38378
"102",NA,0,0,83,1,0.00216269737870655,0,38378
"103",NA,0,0,83,1,0.00216269737870655,0,38378
"104",NA,0,0,83,1,0.00216269737870655,0,38378
"105",NA,0,0,83,1,0.00216269737870655,0,38378
"106",NA,0,0,83,1,0.00216269737870655,0,38378
"107",NA,0,0,83,1,0.00216269737870655,0,38378
"108",NA,0,0,83,1,0.00216269737870655,0,38378
"109",NA,0,0,83,1,0.00216269737870655,0,38378
"110",NA,0,0,83,1,0.00216269737870655,0,38378
"111",NA,0,0,83,1,0.00216269737870655,0,38378
"112",NA,0,0,83,1,0.00216269737870655,0,38378
"113",NA,0,0,83,1,0.00216269737870655,0,38378
"114",NA,0,0,83,1,0.00216269737870655,0,38378
"115",NA,0,0,83,1,0.00216269737870655,0,38378
"116",NA,1,0,84,1,0.00218875397363073,2.60565949241753e-05,38378
"117",NA,0,0,84,1,0.00218875397363073,0,38378
"118",NA,0,0,84,1,0.00218875397363073,0,38378
"119",NA,1,0,85,1,0.0022148105685549,2.60565949241753e-05,38378
"120",NA,0,0,85,1,0.0022148105685549,0,38378
"121",NA,0,0,85,1,0.0022148105685549,0,38378
"122",NA,0,0,85,1,0.0022148105685549,0,38378
"123",NA,0,0,85,1,0.0022148105685549,0,38378
