"","date","cases","deaths","cum_cases","cum_deaths","cases_active","cases_infect","cases_symptom","p_cases","p_cases_daily","p_cases_active","p_infect","p_symptom","population"
"1","2020/03/07",1,0,1,0,1,1,1,3.07593291045818e-08,3.07593291045818e-08,3.07593291045818e-08,3.07593291045818e-08,3.07593291045818e-08,32510462
"2","2020/03/09",6,0,7,0,7,7,7,2.15315303732072e-07,1.84555974627491e-07,2.15315303732072e-07,2.15315303732072e-07,2.15315303732072e-07,32510462
"3","2020/03/10",2,0,9,0,9,9,9,2.76833961941236e-07,6.15186582091636e-08,2.76833961941236e-07,2.76833961941236e-07,2.76833961941236e-07,32510462
"4","2020/03/11",2,0,11,0,11,11,11,3.383526201504e-07,6.15186582091636e-08,3.383526201504e-07,3.383526201504e-07,3.383526201504e-07,32510462
"5","2020/03/12",6,0,17,0,17,17,17,5.2290859477789e-07,1.84555974627491e-07,5.2290859477789e-07,5.2290859477789e-07,5.2290859477789e-07,32510462
"6","2020/03/13",5,0,22,0,22,22,22,6.76705240300799e-07,1.53796645522909e-07,6.76705240300799e-07,6.76705240300799e-07,6.76705240300799e-07,32510462
"7","2020/03/14",16,0,38,0,38,38,38,1.16885450597411e-06,4.92149265673309e-07,1.16885450597411e-06,1.16885450597411e-06,1.16885450597411e-06,32510462
"8","2020/03/15",5,0,43,0,43,43,43,1.32265115149702e-06,1.53796645522909e-07,1.32265115149702e-06,1.32265115149702e-06,1.32265115149702e-06,32510462
"9","2020/03/16",28,0,71,0,71,71,71,2.18391236642531e-06,8.6126121492829e-07,2.18391236642531e-06,2.18391236642531e-06,2.18391236642531e-06,32510462
"10","2020/03/17",15,0,86,0,86,86,86,2.64530230299403e-06,4.61389936568727e-07,2.64530230299403e-06,2.64530230299403e-06,2.64530230299403e-06,32510462
"11","2020/03/18",31,0,117,0,117,117,117,3.59884150523607e-06,9.53539202242035e-07,3.59884150523607e-06,3.59884150523607e-06,3.59884150523607e-06,32510462
"12","2020/03/19",28,0,145,0,145,145,145,4.46010272016436e-06,8.6126121492829e-07,4.46010272016436e-06,4.46010272016436e-06,4.46010272016436e-06,32510462
"13","2020/03/20",89,2,234,2,233,233,234,7.19768301047214e-06,2.73758029030778e-06,7.16692368136755e-06,7.16692368136755e-06,7.19768301047214e-06,32510462
"14","2020/03/21",29,1,263,3,256,256,263,8.08970355450501e-06,8.92020544032872e-07,7.87438825077294e-06,7.87438825077294e-06,8.08970355450501e-06,32510462
"15","2020/03/22",55,2,318,5,309,309,318,9.78146665525701e-06,1.691763100752e-06,9.50463269331577e-06,9.50463269331577e-06,9.78146665525701e-06,32510462
"16","2020/03/23",45,0,363,5,352,352,363,1.11656364649632e-05,1.38416980970618e-06,1.08272838448128e-05,1.08272838448128e-05,1.11656364649632e-05,32510462
"17","2020/03/24",32,0,395,5,378,378,395,1.21499349963098e-05,9.84298531346617e-07,1.16270264015319e-05,1.16270264015319e-05,1.21499349963098e-05,32510462
"18","2020/03/25",21,2,416,7,394,394,416,1.2795880907506e-05,6.45945911196217e-07,1.21191756672052e-05,1.21191756672052e-05,1.2795880907506e-05,32510462
"19","2020/03/26",142,1,558,8,520,520,557,1.71637056403566e-05,4.36782473285061e-06,1.59948511343825e-05,1.59948511343825e-05,1.71329463112521e-05,32510462
"20","2020/03/27",22,1,580,9,537,537,573,1.78404108806574e-05,6.76705240300799e-07,1.65177597291604e-05,1.65177597291604e-05,1.76250955769254e-05,32510462
"21","2020/03/28",55,2,635,11,564,564,626,1.95321739814094e-05,1.691763100752e-06,1.73482616149841e-05,1.73482616149841e-05,1.92553400194682e-05,32510462
"22","2020/03/29",36,5,671,16,585,585,660,2.06395098291744e-05,1.10733584776494e-06,1.79942075261803e-05,1.79942075261803e-05,2.0301157209024e-05,32510462
"23","2020/03/30",181,2,852,18,735,735,835,2.62069483971037e-05,5.5674385679293e-06,2.26081068918676e-05,2.26081068918676e-05,2.56840398023258e-05,32510462
"24","2020/03/31",98,6,950,24,805,805,928,2.92213626493527e-05,3.01441425224901e-06,2.47612599291883e-05,2.47612599291883e-05,2.85446574090519e-05,32510462
"25","2020/04/01",115,6,1065,30,831,831,1027,3.27586854963796e-05,3.5373228470269e-06,2.55610024859075e-05,2.55610024859075e-05,3.15898309904055e-05,32510462
"26","2020/04/02",258,17,1323,47,1060,1060,1280,4.06945924053617e-05,7.9359069089821e-06,3.26048888508567e-05,3.26048888508567e-05,3.93719412538647e-05,32510462
"27","2020/04/03",91,8,1414,55,1096,1096,1343,4.34936913538786e-05,2.79909894851694e-06,3.37122246986216e-05,3.37122246986216e-05,4.13097789874533e-05,32510462
"28","2020/04/04",181,6,1595,61,1232,1232,1509,4.90611299218079e-05,5.5674385679293e-06,3.78954934568448e-05,3.78954934568448e-05,4.64158276188139e-05,32510462
"29","2020/04/05",151,12,1746,73,1351,1351,1629,5.37057886165998e-05,4.64465869479185e-06,4.155585362029e-05,4.155585362029e-05,5.01069471113637e-05,32510462
"30","2020/04/06",535,10,2281,83,1865,1865,2136,7.0162029687551e-05,1.64562410709513e-05,5.7366148780045e-05,5.7366148780045e-05,6.57019269673867e-05,32510462
"31","2020/04/07",280,9,2561,92,2003,2003,2327,7.87746418368339e-05,8.6126121492829e-06,6.16109361964773e-05,6.16109361964773e-05,7.15769588263618e-05,32510462
"32","2020/04/08",393,15,2954,107,2374,2374,2691,9.08630581749346e-05,1.20884163381006e-05,7.30226472942771e-05,7.30226472942771e-05,8.27733546204296e-05,32510462
"33","2020/04/09",1388,14,4342,121,3707,3707,4024,0.000133557006972094,4.26939487971595e-05,0.000114024832990685,0.000114024832990685,0.000123775540316837,32510462
"34","2020/04/10",914,17,5256,138,4585,4585,4893,0.000161671033773682,2.81140268015877e-05,0.000141031523944507,0.000141031523944507,0.000150505397308719,32510462
"35","2020/04/11",641,31,5897,169,5045,5045,5502,0.000181387763729719,1.97167299560369e-05,0.000155180815332615,0.000155180815332615,0.000169237828733409,32510462
"36","2020/04/12",951,12,6848,181,5898,5898,6432,0.000210639885708176,2.92521219784573e-05,0.000181418523058823,0.000181418523058823,0.00019784400480067,32510462
"37","2020/04/13",671,12,7519,193,6454,6454,6961,0.00023127939553735,2.06395098291744e-05,0.000198520710040971,0.000198520710040971,0.000214115689896994,32510462
"38","2020/04/14",0,0,7519,193,6196,6196,6939,0.00023127939553735,0,0.000190584803131989,0.000190584803131989,0.000213438984656693,32510462
"39","2020/04/15",2784,37,10303,230,8889,8889,9668,0.000316913367764506,8.56339722271557e-05,0.000273419676410627,0.000273419676410627,0.000297381193783097,32510462
"40","2020/04/16",1172,24,11475,254,9880,9880,10804,0.000352963301475076,3.60499337105698e-05,0.000303902171553268,0.000303902171553268,0.000332323791645902,32510462
"41","2020/04/17",1016,20,12491,274,10745,10745,11639,0.000384214779845331,3.12514783702551e-05,0.000330508991228731,0.000330508991228731,0.000358007831448227,32510462
"42","2020/04/18",998,26,13489,300,11208,11208,12539,0.000414912590291704,3.06978104463726e-05,0.000344750560604153,0.000344750560604153,0.000385691227642351,32510462
"43","2020/04/19",931,48,14420,348,11859,11859,13355,0.000443549525688069,2.86369353963656e-05,0.000364774883851235,0.000364774883851235,0.00041079084019169,32510462
"44","2020/04/20",1208,52,15628,400,12674,12674,14305,0.000480706795246404,3.71572695583348e-05,0.000389843737071469,0.000389843737071469,0.000440012202841042,32510462
"45","2020/04/21",697,45,16325,445,11983,11983,14911,0.000502146047632298,2.14392523858935e-05,0.000368589040660203,0.000368589040660203,0.000458652356278419,32510462
"46","2020/04/22",1512,39,17837,484,12581,12581,16242,0.000548654153238425,4.65081056061277e-05,0.000386983119464743,0.000386983119464743,0.000499593023316617,32510462
"47","2020/04/23",1413,46,19250,530,13353,13353,17504,0.000592117085263199,4.34629320247741e-05,0.000410729321533481,0.000410729321533481,0.000538411296646599,32510462
"48","2020/04/24",1664,42,20914,572,14066,14066,18633,0.000643300608893223,5.11835236300241e-05,0.000432660723185047,0.000432660723185047,0.000573138579205672,32510462
"49","2020/04/25",734,62,21648,634,14129,14129,19087,0.000665877956455986,2.2577347562763e-05,0.000434598560918636,0.000434598560918636,0.000587103314619152,32510462
"50","2020/04/26",3683,66,25331,700,17812,17812,22377,0.000779164565548161,0.000113286609092175,0.000547885170010811,0.000547885170010811,0.000688301507373227,32510462
"51","2020/04/27",2186,28,27517,728,17214,17214,23175,0.000846404458970777,6.72398934226158e-05,0.000529491091206271,0.000529491091206271,0.000712847451998683,32510462
"52","2020/04/28",1182,54,28699,782,17224,17224,23443,0.000882761985972393,3.63575270016157e-05,0.000529798684497317,0.000529798684497317,0.000721090952198711,32510462
"53","2020/04/29",2491,72,31190,854,18699,18699,25293,0.000959383474771906,7.66214887995132e-05,0.000575168694926575,0.000575168694926575,0.000777995711042187,32510462
"54","2020/04/30",2741,89,33931,943,20442,20442,27083,0.00104369479584756,8.43113210756587e-05,0.000628782205555861,0.000628782205555861,0.000833054910139388,32510462
"55","2020/05/01",3045,108,36976,1051,22556,22556,29457,0.00113735695297102,9.36621571234515e-05,0.000693807427282947,0.000693807427282947,0.000906077557433666,32510462
"56","2020/05/02",3483,73,40459,1124,24831,24831,32940,0.00124449169624227,0.000107134743271258,0.00076378490099587,0.00076378490099587,0.00101321230070492,32510462
"57","2020/05/03",2075,76,42534,1200,26209,26209,32231,0.00130831730413428,6.38256078920072e-05,0.000806171256501984,0.000806171256501984,0.000991403936369775,32510462
"58","2020/05/04",3394,86,45928,1286,28091,28091,34453,0.00141271446711523,0.000104397162980951,0.000864060313876807,0.000864060313876807,0.00105975116564016,32510462
"59","2020/05/05",1444,58,47372,1344,28122,28122,34881,0.00145713093834225,4.44164712270161e-05,0.000865013853079049,0.000865013853079049,0.00107291615849692,32510462
"60","2020/05/06",3817,100,51189,1444,30275,30275,37700,0.00157453929753444,0.000117408359192189,0.000931238688641213,0.000931238688641213,0.00115962670724273,32510462
"61","2020/05/07",3628,89,54817,1533,33169,33169,40397,0.00168613414352586,0.000111594845991423,0.00102025618706987,0.00102025618706987,0.00124258461783779,32510462
"62","2020/05/08",3709,94,58526,1627,33195,33195,42898,0.00180022049517475,0.000114086351648894,0.00102105592962659,0.00102105592962659,0.00131951369992835,32510462
"63","2020/05/09",3321,87,61847,1714,34330,34330,45522,0.00190237222713107,0.000102151731956316,0.00105596776816029,0.00105596776816029,0.00140022617949877,32510462
"64","2020/05/10",3168,100,65015,1814,36316,36316,47178,0.00199981778173438,9.74455546033151e-05,0.00111705579576199,0.00111705579576199,0.00145116362849596,32510462
"65","2020/05/11",2292,75,67307,1889,36117,36117,48057,0.00207031816404209,7.05003823077014e-05,0.00111093468927018,0.00111093468927018,0.00147820107877889,32510462
"66","2020/05/12",1515,72,68822,1961,34891,34891,47908,0.00211691854763553,4.66003835934414e-05,0.00107322375178796,0.00107322375178796,0.0014736179387423,32510462
"67","2020/05/13",3237,96,72059,2057,35083,35083,50411,0.00221648649594706,9.95679483115312e-05,0.00107912954297604,0.00107912954297604,0.00155060853949107,32510462
"68","2020/05/14",4247,112,76306,2169,35847,35847,50975,0.00234712136665422,0.000130634870707159,0.00110262967041194,0.00110262967041194,0.00156795680110606,32510462
"69","2020/05/15",4298,98,80604,2267,38070,38070,53087,0.00247932496314571,0.000132203596491492,0.00117100765901143,0.00117100765901143,0.00163292050417493,32510462
"70","2020/05/16",3891,126,84495,2393,38567,38567,55796,0.00259900951269164,0.000119684549545928,0.00118629504557641,0.00118629504557641,0.00171624752671924,32510462
"71","2020/05/17",4046,130,88541,2523,41169,41169,57351,0.00272346175824878,0.000124452245557138,0.00126633081990653,0.00126633081990653,0.00176407828347687,32510462
"72","2020/05/18",3732,125,92273,2648,41084,41084,58342,0.00283825557446707,0.000114793816218299,0.00126371627693264,0.00126371627693264,0.00179456077861951,32510462
"73","2020/05/19",2660,141,94933,2789,40116,40116,57957,0.00292007538988526,8.18198154181875e-05,0.0012339412463594,0.0012339412463594,0.00178271843691425,32510462
"74","2020/05/20",4550,125,99483,2914,40957,40957,59024,0.00306003033731111,0.000139954947425847,0.00125980984213636,0.00125980984213636,0.00181553864106883,32510462
"75","2020/05/21",4537,110,104020,3024,42173,42173,61486,0.0031995854134586,0.000139555076147488,0.00129721318632753,0.00129721318632753,0.00189126810932432,32510462
"76","2020/05/22",4749,124,108769,3148,43754,43754,62841,0.00334566146737626,0.000146076053917659,0.00134584368564187,0.00134584368564187,0.00193294700026102,32510462
"77","2020/05/23",2929,96,111698,3244,44391,44391,64326,0.00343575554232358,9.009407494732e-05,0.00136543737828149,0.00136543737828149,0.00197862460398133,32510462
"78","2020/05/24",4056,129,115754,3373,46932,46932,64565,0.00356051538117176,0.000124759838848184,0.00144359683353623,0.00144359683353623,0.00198597608363732,32510462
"79","2020/05/25",4205,83,119959,3456,47900,47900,65142,0.00368985836005653,0.000129342978884766,0.00147337186410947,0.00147337186410947,0.00200372421653067,32510462
"80","2020/05/26",4020,173,123979,3629,47673,47673,65453,0.00381351086305694,0.000123652503000419,0.00146638949640273,0.00146638949640273,0.00201329036788219,32510462
"81","2020/05/27",5772,159,129751,3788,49147,49147,67904,0.00399105371064859,0.000177542847591646,0.00151172874750288,0.00151172874750288,0.00208868148351752,32510462
"82","2020/05/28",6154,195,135905,3983,51410,51410,70890,0.00418034662195819,0.000189292911309596,0.00158133710926655,0.00158133710926655,0.0021805288402238,32510462
"83","2020/05/29",5874,116,141779,4099,53238,53238,74472,0.0043610269211185,0.000180680299160313,0.00163756516286972,0.00163756516286972,0.00229070875707641,32510462
"84","2020/05/30",6506,131,148285,4230,56012,56012,79463,0.00456114711627291,0.000200120195154409,0.00172289154180583,0.00172289154180583,0.00244422856863738,32510462
"85","2020/05/31",7386,141,155671,4371,60738,60738,83612,0.00478833552103935,0.000227188404766441,0.00186826013115409,0.00186826013115409,0.00257184902509229,32510462
"86","2020/06/01",8805,135,164476,4506,64993,64993,88170,0.00505917141380519,0.000270835892765843,0.00199914107649408,0.00199914107649408,0.00271205004715098,32510462
"87","2020/06/02",5563,128,170039,4634,66019,66019,89435,0.00523028556161398,0.000171114147808788,0.00203070014815538,0.00203070014815538,0.00275096059846827,32510462
"88","2020/06/03",0,0,170039,4634,61270,61270,85544,0.00523028556161398,0,0.00188462409423773,0.00188462409423773,0.00263127604892234,32510462
"89","2020/06/04",8875,260,178914,4894,67216,67216,90373,0.00550327460741715,0.000272989045803163,0.00206751906509357,0.00206751906509357,0.00277981284916837,32510462
"90","2020/06/05",4284,137,183198,5031,67444,67444,90925,0.00563504757330117,0.000131772965884028,0.00207453219212941,0.00207453219212941,0.0027967919988341,32510462
"91","2020/06/06",4202,131,187400,5162,67441,67441,92467,0.00576429827419863,0.000129250700897453,0.0020744399141421,0.0020744399141421,0.00284422288431336,32510462
"92","2020/06/07",4358,139,191758,5301,67779,67779,92275,0.00589834743043639,0.000134049156237767,0.00208483656737945,0.00208483656737945,0.00283831709312528,32510462
"93","2020/06/08",4757,164,196515,5465,66764,66764,92495,0.00604466955898689,0.000146322128550496,0.0020536158483383,0.0020536158483383,0.00284508414552829,32510462
"94","2020/06/09",3181,106,199696,5571,63791,63791,90927,0.00614251498486856,9.78454258816746e-05,0.00196216836291038,0.00196216836291038,0.00279685351749231,32510462
"95","2020/06/10",4040,167,203736,5738,61957,61957,92038,0.00626678267445107,0.00012426768958251,0.00190575575333257,0.00190575575333257,0.0028310271321275,32510462
"96","2020/06/11",5087,165,208823,5903,60538,60538,93069,0.00642325538160608,0.000156472707155008,0.00186210826533317,0.00186210826533317,0.00286274000043432,32510462
"97","2020/06/12",5965,206,214788,6109,59117,59117,94829,0.00660673477971491,0.00018347939810883,0.00181839925867556,0.00181839925867556,0.00291687641965839,32510462
"98","2020/06/13",5961,199,220749,6308,56273,56273,96770,0.00679009114050732,0.000183356360792412,0.00173091972670213,0.00173091972670213,0.00297658027745038,32510462
"99","2020/06/14",4383,190,225132,6498,55093,55093,95381,0.00692490927997271,0.000134818139465382,0.00169462371835872,0.00169462371835872,0.00293385556932411,32510462
"100","2020/06/15",4604,190,229736,6688,59697,59697,93831,0.0070665252311702,0.000141615951197495,0.00183623966955622,0.00183623966955622,0.00288617860921201,32510462
"101","2020/06/16",3256,172,232992,6860,54078,54078,91213,0.00716667760673472,0.000100152375564518,0.00166340299931757,0.00166340299931757,0.00280565068561622,32510462
"102","2020/06/17",4164,196,237156,7056,53958,53958,88871,0.0072947594531262,0.000128081846391479,0.00165971187982502,0.00165971187982502,0.00273361233685329,32510462
"103","2020/06/18",3752,201,240908,7257,53508,53508,85237,0.00741016845592659,0.000115409002800391,0.00164587018172796,0.00164587018172796,0.00262183293488724,32510462
"104","2020/06/19",3480,204,244388,7461,52630,52630,79912,0.00751721092121053,0.000107042465283945,0.00161886349077414,0.00161886349077414,0.00245803950740534,32510462
"105","2020/06/20",3537,199,247925,7660,51410,51410,77886,0.00762600666825344,0.000108795747042906,0.00158133710926655,0.00158133710926655,0.00239572110663946,32510462
"106","2020/06/21",3413,201,251338,7861,51642,51642,81299,0.00773098825848738,0.000104981590233938,0.00158847327361881,0.00158847327361881,0.00250070269687339,32510462
"107","2020/06/22",3598,184,254936,8045,51200,51200,76022,0.00784166032460566,0.000110672066118285,0.00157487765015459,0.00157487765015459,0.00233838571718852,32510462
"108","2020/06/23",0,0,254936,8045,46113,46113,71738,0.00784166032460566,0,0.00141840494299958,0.00141840494299958,0.00220661275130449,32510462
"109","2020/06/24",5874,359,260810,8404,46022,46022,73410,0.00802234062376597,0.000180680299160313,0.00141560584405106,0.00141560584405106,0.00225804234956735,32510462
"110","2020/06/25",3879,182,264689,8586,43940,43940,72931,0.00814165606136265,0.000119315437596673,0.00135156492085532,0.00135156492085532,0.00224330863092625,32510462
"111","2020/06/26",3913,175,268602,8761,43470,43470,72087,0.00826201731614888,0.000120361254786229,0.00133710803617617,0.00133710803617617,0.00221734775716199,32510462
"112","2020/06/27",3762,178,272364,8939,42628,42628,72668,0.00837773391224031,0.000115716596091437,0.00131120868107011,0.00131120868107011,0.00223521892737175,32510462
"113","2020/06/28",3625,196,275989,9135,42997,42997,72253,0.00848923648024442,0.000111502568004109,0.0013225588735097,0.0013225588735097,0.00222245380579335,32510462
"114","2020/06/29",3430,182,279419,9317,42263,42263,70596,0.00859474097907314,0.000105504498828716,0.00129998152594694,0.00129998152594694,0.00217148559746706,32510462
"115","2020/06/30",2946,187,282365,9504,41457,41457,67577,0.00868535796261524,9.06169835420979e-05,0.00127518950668865,0.00127518950668865,0.00207862318290032,32510462
"116","2020/07/01",2848,173,285213,9677,40825,40825,64464,0.00877296053190508,8.76025692898489e-05,0.00125574961069455,0.00125574961069455,0.00198286939139776,32510462
"117","2020/07/02",3264,183,288477,9860,40552,40552,63345,0.00887335898210244,0.000100398450197355,0.001247352313849,0.001247352313849,0.00194844970212973,32510462
"118","2020/07/03",3527,185,292004,10045,40666,40666,62268,0.0089818471358543,0.00010848815375186,0.00125085887736692,0.00125085887736692,0.0019153219046841,32510462
"119","2020/07/04",3595,181,295599,10226,40663,40663,62607,0.00909242692398527,0.000110579788130971,0.00125076659937961,0.00125076659937961,0.00192574931725055,32510462
"120","2020/07/05",3481,186,299080,10412,44144,44144,61924,0.00919950014859832,0.000107073224613049,0.00135783982399266,0.00135783982399266,0.00190474069547212,32510462
"121","2020/07/06",3638,177,302718,10589,41908,41908,61810,0.00931140258788079,0.000111902439282469,0.00128906196411481,0.00128906196411481,0.0019012341319542,32510462
"122","2020/07/07",2985,183,305703,10772,41014,41014,61315,0.00940321918525796,9.18165973771766e-05,0.00126156312389532,0.00126156312389532,0.00188600826404743,32510462
"123","2020/07/08",3575,180,309278,10952,40676,40676,61353,0.00951318378680684,0.00010996460154888,0.00125116647065797,0.00125116647065797,0.00188717711855341,32510462
"124","2020/07/09",3633,181,312911,11133,40547,40547,61573,0.00962493242944379,0.000111748642636946,0.00124719851720348,0.00124719851720348,0.00189394417095641,32510462
"125","2020/07/10",3537,181,316448,11314,40459,40459,61512,0.0097337281764867,0.000108795747042906,0.00124449169624227,0.00124449169624227,0.00189206785188103,32510462
"126","2020/07/11",3198,186,319646,11500,40227,40227,64710,0.00983209651096315,9.83683344764525e-05,0.00123735553189001,0.00123735553189001,0.00199043618635749,32510462
"127","2020/07/12",3064,182,322710,11682,40345,40345,61900,0.00992634309533959,9.42465843764386e-05,0.00124098513272435,0.00124098513272435,0.00190400247157361,32510462
"128","2020/07/13",3616,188,326326,11870,41113,41113,61637,0.0100375688293818,0.000111225734042168,0.00126460829747667,0.00126460829747667,0.00189591276801911,32510462
"129","2020/07/14",3797,184,330123,12054,41646,41646,61521,0.0101543620019919,0.000116793172610097,0.00128100301988941,0.00128100301988941,0.00189234468584298,32510462
"130","2020/07/15",3744,175,333867,12229,41863,41863,61503,0.0102695249301594,0.000115162928167554,0.00128767779430511,0.00128767779430511,0.00189179101791909,32510462
"131","2020/07/16",3857,188,337724,12417,42125,42125,61735,0.0103881636625158,0.000118638732356372,0.00129573673853051,0.00129573673853051,0.00189892718227136,32510462
"132","2020/07/17",3862,198,341586,12615,42506,42506,62167,0.0105069561915177,0.000118792529001895,0.00130745604291935,0.00130745604291935,0.00191221521244454,32510462
"133","2020/07/18",3951,184,345537,12799,42819,42819,63172,0.0106284863008099,0.000121530109292203,0.00131708371292909,0.00131708371292909,0.00194312833819464,32510462
"134","2020/07/19",3963,199,349500,12998,43797,43797,64287,0.0107503855220513,0.000121899221241458,0.00134716633679337,0.00134716633679337,0.00197742499014625,32510462
"135","2020/07/20",4090,189,353590,13187,44312,44312,65113,0.0108761911780891,0.000125805656037739,0.00136300739128223,0.00136300739128223,0.00200283219598663,32510462
"136","2020/07/21",4091,197,357681,13384,44770,44770,65677,0.0110020275934559,0.000125836415366844,0.00137709516401213,0.00137709516401213,0.00202018045760162,32510462
"137","2020/07/22",4406,195,362087,13579,45639,45639,66488,0.0111375531974907,0.000135525604034787,0.00140382502100401,0.00140382502100401,0.00204512627350543,32510462
"138","2020/07/23",4463,188,366550,13767,46904,46904,67470,0.0112748320832845,0.000137278885793748,0.0014427355723213,0.0014427355723213,0.00207533193468613,32510462
"139","2020/07/24",4546,3887,371096,17654,48386,48386,68378,0.0114146639933939,0.000139831910109429,0.00148832089805429,0.00148832089805429,0.00210326140551309,32510462
"140","2020/07/25",4865,189,375961,17843,49635,49635,70258,0.0115643081294877,0.00014964413609379,0.00152673930010592,0.00152673930010592,0.00216108894422971,32510462
"141","2020/07/26",3923,187,379884,18030,49761,49761,70606,0.0116849769775649,0.000120668848077274,0.00153061497557309,0.00153061497557309,0.0021717931907581,32510462
"142","2020/07/27",4913,199,384797,18229,50930,50930,71886,0.0118360975614558,0.00015112058389081,0.00156657263129635,0.00156657263129635,0.00221116513201197,32510462
"143","2020/07/28",4920,189,389717,18418,51993,51993,73269,0.0119874334606503,0.000151335899194542,0.00159926979813452,0.00159926979813452,0.0022537052841636,32510462
"144","2020/07/29",5288,194,395005,18612,53419,53419,75359,0.0121500887929553,0.000162655332305028,0.00164313260143765,0.00164313260143765,0.00231799228199218,32510462
"145","2020/07/30",5678,204,400683,18816,55146,55146,77973,0.0123247402636111,0.000174651470655815,0.00169625396280127,0.00169625396280127,0.00239839716827156,32510462
"146","2020/07/31",6809,205,407492,19021,57992,57992,81166,0.0125341805354842,0.000209440271873097,0.00178379501343291,0.00178379501343291,0.00249661170610248,32510462
"147","2020/08/01",7243,196,414735,19217,61145,61145,84612,0.0127569703561887,0.000222789820704486,0.00188077917809965,0.00188077917809965,0.00260260835419687,32510462
"148","2020/08/02",7448,191,422183,19408,64502,64502,88316,0.0129860658393596,0.000229095483170925,0.00198403824590373,0.00198403824590373,0.00271654090920024,32510462
"149","2020/08/03",6667,206,428850,19614,66763,66763,91126,0.0131911382864999,0.000205072447140247,0.00205358508900919,0.00205358508900919,0.00280297462398412,32510462
"150","2020/08/04",4250,197,433100,19811,66550,66550,91514,0.0133218654351944,0.000130727148694473,0.00204703335190992,0.00204703335190992,0.0028149092436767,32510462
"151","2020/08/05",6790,196,439890,20007,68794,68794,94353,0.0135307212798145,0.00020885584462011,0.0021160572864206,0.0021160572864206,0.0029022349790046,32510462
"152","2020/08/06",7734,221,447624,20228,71663,71663,98124,0.0137686139311093,0.000237892651294835,0.00220430580162164,0.00220430580162164,0.00301822840905798,32510462
"153","2020/08/07",7785,196,455409,20424,75525,75525,101819,0.0140080753081885,0.000239461377079169,0.00232309833062354,0.00232309833062354,0.00313188413009941,32510462
"154","2020/08/08",8466,225,463875,20649,79078,79078,106194,0.0142684837883879,0.000260408480199389,0.00243238622693212,0.00243238622693212,0.00326645619493196,32510462
"155","2020/08/09",7137,195,471012,20844,81295,81295,108925,0.0144880131202073,0.0002195293318194,0.00250057965955698,0.00250057965955698,0.00335045992271657,32510462
"156","2020/08/10",7012,228,478024,21072,83019,83019,111474,0.0147036975358886,0.000215684415681327,0.00255360874293327,0.00255360874293327,0.00342886545260415,32510462
"157","2020/08/11",5109,204,483133,21276,82450,82450,112037,0.0148608469482839,0.000157149412395308,0.00253610668467277,0.00253610668467277,0.00344618295489003,32510462
"158","2020/08/12",6547,225,489680,21501,82188,82188,113719,0.0150622282759316,0.000201381327647697,0.00252804774044737,0.00252804774044737,0.00349792014644394,32510462
"159","2020/08/13",8875,212,498555,21713,83820,83820,118671,0.0153352173217348,0.000272989045803163,0.00257824696554604,0.00257824696554604,0.00365024034416982,32510462
"160","2020/08/14",9441,3935,507996,25648,85813,85813,123199,0.0156256161478111,0.000290398826076357,0.00263955030845148,0.00263955030845148,0.00378951858635537,32510462
"161","2020/08/15",8300,208,516296,25856,87446,87446,126579,0.0158809185793792,0.000255302431568029,0.00268978029287926,0.00268978029287926,0.00389348511872886,32510462
"162","2020/08/16",9507,219,525803,26075,92703,92703,130798,0.0161733475211764,0.000292428941797259,0.00285148208598204,0.00285148208598204,0.00402325872822109,32510462
"163","2020/08/17",10143,206,535946,26281,96056,96056,135263,0.0164853393962842,0.000311991875107773,0.00295461811646971,0.00295461811646971,0.00416059913267305,32510462
"164","2020/08/18",5547,200,541493,26481,93869,93869,134001,0.0166559613948273,0.000170621998543115,0.00288734746371799,0.00288734746371799,0.00412178085934306,32510462
"165","2020/08/19",7828,177,549321,26658,93912,93912,134586,0.016896745423058,0.000240784028230666,0.00288867011486948,0.00288867011486948,0.00413977506686924,32510462
"166","2020/08/20",9099,176,558420,26834,94545,94545,136237,0.0171766245585806,0.00027987913552259,0.00290814077019268,0.00290814077019268,0.00419055871922091,32510462
"167","2020/08/21",8639,200,567059,27034,96047,96047,138209,0.017442354402715,0.000265729844134482,0.00295434128250777,0.00295434128250777,0.00425121611621514,32510462
"168","2020/08/22",9008,211,576067,27245,98043,98043,142967,0.0177194344392891,0.000277080036574073,0.00301573690340051,0.00301573690340051,0.00439756900409474,32510462
"169","2020/08/23",9169,208,585236,27453,102103,102103,145346,0.018001466727849,0.00028203228855991,0.00314061977956511,0.00314061977956511,0.00447074544803454,32510462
"170","2020/08/24",9090,210,594326,27663,104646,104646,146702,0.0182810690294097,0.000279602301560648,0.00321884075347806,0.00321884075347806,0.00451245509830036,32510462
"171","2020/08/25",6112,150,600438,27813,101883,101883,145029,0.0184690700488969,0.000188001019487204,0.00313385272716211,0.00313385272716211,0.00446099474070839,32510462
"172","2020/08/26",6944,188,607382,28001,99386,99386,143507,0.0186826628301991,0.000213592781302216,0.00305704668238797,0.00305704668238797,0.00441417904181122,32510462
"173","2020/08/27",5996,123,613378,28124,97082,97082,142366,0.0188670957675102,0.000184432937311072,0.00298617718813101,0.00298617718813101,0.00437908264730289,32510462
"174","2020/08/28",8619,153,621997,28277,96194,96194,143973,0.0191322104250626,0.00026511465755239,0.00295886290388614,0.00295886290388614,0.00442851288917395,32510462
"175","2020/08/29",7964,194,629961,28471,94015,94015,146828,0.0193771777220514,0.000244967296988889,0.00289183832576726,0.00289183832576726,0.00451633077376753,32510462
"176","2020/08/30",9474,136,639435,28607,97942,97942,149755,0.0196685916059883,0.000291413883936808,0.00301263021116095,0.00301263021116095,0.00460636333005664,32510462
"177","2020/08/31",7731,181,647166,28788,97845,97845,148611,0.0199063919792958,0.000237800373307522,0.0030096465562378,0.0030096465562378,0.004571174657561,32510462
"178","2020/09/01",4871,156,652037,28944,93617,93617,144041,0.0200562206713642,0.000149828692068418,0.00287959611278363,0.00287959611278363,0.00443060452355306,32510462
"179","2020/09/02",5092,124,657129,29068,90070,90070,140833,0.0202128471751647,0.00015662650380053,0.00277049277244968,0.00277049277244968,0.00433192859578557,32510462
"180","2020/09/03",6308,191,663437,29259,87370,87370,137634,0.0204068770231564,0.000194029847991702,0.00268744258386731,0.00268744258386731,0.00423352950198001,32510462
"181","2020/09/04",6708,146,670145,29405,84909,84909,134199,0.02061321060279,0.000206333579633535,0.00261174387494093,0.00261174387494093,0.00412787120650577,32510462
"182","2020/09/05",6703,149,676848,29554,82522,82522,135355,0.020819390385778,0.000206179782988012,0.0025383213563683,0.0025383213563683,0.00416342899095067,32510462
"183","2020/09/06",6854,133,683702,29687,83264,83264,134381,0.0210302148274608,0.000210824441682804,0.0025611447785639,0.0025611447785639,0.0041334694044028,32510462
"184","2020/09/07",6275,151,689977,29838,82595,82595,131557,0.021223229617592,0.000193014790131251,0.00254056678739293,0.00254056678739293,0.00404660505901146,32510462
"185","2020/09/08",1598,138,691575,29976,78197,78197,124516,0.0212723830255011,4.91534079091217e-05,0.00240528725799098,0.00240528725799098,0.0038300286227861,32510462
"186","2020/09/09",4615,147,696190,30123,74193,74193,120123,0.0214143373293188,0.000141954303817645,0.00228212690425624,0.00228212690425624,0.00369490289002968,32510462
"187","2020/09/10",6586,113,702776,30236,72815,72815,117540,0.0216169182708016,0.000202580941482776,0.00223974054875012,0.00223974054875012,0.00361545154295254,32510462
"188","2020/09/11",7291,108,710067,30344,70632,70632,115741,0.0218411845393031,0.000224266268501506,0.00217259293331482,0.00217259293331482,0.0035601155098934,32510462
"189","2020/09/12",6603,126,716670,30470,69504,69504,116232,0.0220442883893806,0.000203103850077553,0.00213789641008485,0.00213789641008485,0.00357521834048375,32510462
"190","2020/09/13",6162,123,722832,30593,70795,70795,115450,0.0222338273753231,0.000189538985942433,0.00217760670395887,0.00217760670395887,0.00355116454512397,32510462
"191","2020/09/14",6787,117,729619,30710,72490,72490,116241,0.0224425909419559,0.000208763566632797,0.00222974376679113,0.00222974376679113,0.00357549517444569,32510462
"192","2020/09/15",4241,102,733860,30812,70423,70423,111863,0.0225730412566884,0.000130450314732531,0.00216616423353196,0.00216616423353196,0.00344083083162583,32510462
"193","2020/09/16",4160,115,738020,30927,67875,67875,108059,0.0227010000657634,0.00012795880907506,0.00208778946297349,0.00208778946297349,0.003323822343712,32510462
"194","2020/09/17",6380,124,744400,31051,67552,67552,104965,0.0228972445854507,0.000196244519687232,0.00207785419967271,0.00207785419967271,0.00322865297946243,32510462
"195","2020/09/18",5698,95,750098,31146,66396,66396,102932,0.0230725112426886,0.000175266657237907,0.00204229641522781,0.00204229641522781,0.00316611926339281,32510462
"196","2020/09/19",6314,137,756412,31283,66435,66435,104375,0.0232667256466549,0.000194214403966329,0.00204349602906289,0.00204349602906289,0.00321050497529072,32510462
"197","2020/09/20",6453,86,762865,31369,71290,71290,105736,0.0234652155973668,0.000198489950711866,0.00219283257186564,0.00219283257186564,0.00325236842220206,32510462
"198","2020/09/21",6030,0,768895,31369,72705,72705,105458,0.0236506943518674,0.000185478754500628,0.00223635702254862,0.00223635702254862,0.00324381732871099,32510462
"199","2020/09/22",4001,105,772896,31474,70120,70120,102751,0.0237737624276148,0.000123068075747432,0.00215684415681327,0.00215684415681327,0.00316055182482488,32510462
"200","2020/09/23",3650,112,776546,31586,66479,66479,99698,0.0238860339788466,0.000112271551231723,0.00204484943954349,0.00204484943954349,0.00306664359306859,32510462
"201","2020/09/24",6149,284,782695,31870,66025,66025,98993,0.0240751730935106,0.000189139114664073,0.00203088470413001,0.00203088470413001,0.00304495826604986,32510462
"202","2020/09/25",6235,68,788930,31938,66098,66098,98953,0.0242669575104777,0.000191784416967067,0.00203313013515465,0.00203313013515465,0.00304372789288568,32510462
"203","2020/09/26",5654,99,794584,32037,64965,64965,103009,0.024440870757235,0.000173913246757305,0.00199827981527916,0.00199827981527916,0.00316848773173386,32510462
"204","2020/09/27",5558,105,800142,32142,66282,66282,103952,0.0246118311083983,0.000170960351163266,0.00203878985170989,0.00203878985170989,0.00319749377907949,32510462
"205","2020/09/28",5160,120,805302,32262,67282,67282,102526,0.0247705492465779,0.000158718138179642,0.00206954918081447,0.00206954918081447,0.00315363097577635,32510462
"206","2020/09/29",3412,62,808714,32324,64314,64314,98647,0.0248755000774828,0.000104950830904833,0.00197825549203207,0.00197825549203207,0.00303431553817968,32510462
"207","2020/09/30",3054,72,811768,32396,61670,61670,95098,0.0249694390685681,9.39389910853928e-05,0.00189692782587956,0.00189692782587956,0.00292515067918752,32510462
"208","2020/10/01",3061,67,814829,32463,58417,58417,91997,0.0250635933749573,9.41543063891248e-05,0.00179686772830235,0.00179686772830235,0.00282976599963421,32510462
"209","2020/10/02",3468,72,818297,32535,55432,55432,88678,0.025170266728292,0.00010667335333469,0.00170505113092518,0.00170505113092518,0.0027276757863361,32510462
"210","2020/10/03",3267,74,821564,32609,52669,52669,87704,0.0252707574564766,0.000100490728184669,0.00162006310460922,0.00162006310460922,0.00269771619978824,32510462
"211","2020/10/04",3421,56,824985,32665,52089,52089,86965,0.0253759851213434,0.000105227664866774,0.00160222269372856,0.00160222269372856,0.00267498505557995,32510462
"212","2020/10/05",3184,77,828169,32742,51623,51623,83769,0.0254739228252124,9.79377038689884e-05,0.00158788884636583,0.00158788884636583,0.00257667823976171,32510462
"213","2020/10/06",1830,92,829999,32834,47304,47304,79901,0.0255302123974738,5.62895722613847e-05,0.00145503930396314,0.00145503930396314,0.00245770115478519,32510462
"214","2020/10/07",2930,80,832929,32914,43999,43999,76517,0.0256203372317502,9.01248342764246e-05,0.00135337972127249,0.00135337972127249,0.00235361158509528,32510462
"215","2020/10/08",2733,95,835662,33009,41078,41078,72797,0.025704402478193,8.4065246442822e-05,0.00126353172095801,0.00126353172095801,0.00223918688082624,32510462
"216","2020/10/09",2952,89,838614,33098,38472,38472,69719,0.0257952040177097,9.08015395167254e-05,0.00118337290931147,0.00118337290931147,0.00214450966584234,32510462
"217","2020/10/10",4741,60,843355,33158,38053,38053,70459,0.0259410339969946,0.000145829979284822,0.00117048475041665,0.00117048475041665,0.00216727156937973,32510462
"218","2020/10/11",2733,65,846088,33223,37374,37374,69542,0.0260250992434374,8.4065246442822e-05,0.00114959916595464,0.00114959916595464,0.00213906526459083,32510462
"219","2020/10/12",3283,82,849371,33305,37603,37603,66676,0.0261260821208877,0.000100982877450342,0.00115664305231959,0.00115664305231959,0.00205090902737709,32510462
"220","2020/10/13",1800,52,851171,33357,36342,36342,62241,0.026181448913276,5.53667923882472e-05,0.00111785553831871,0.00111785553831871,0.00191449140279827,32510462
"221","2020/10/14",2803,62,853974,33419,35677,35677,59390,0.0262676673127561,8.62183994801427e-05,0.00109740058446416,0.00109740058446416,0.00182679655552111,32510462
"222","2020/10/15",2977,93,856951,33512,35387,35387,56809,0.0263592378355005,9.157052274434e-05,0.00108848037902384,0.00108848037902384,0.00174740672710219,32510462
"223","2020/10/16",2789,65,859740,33577,34755,34755,54438,0.0264450256043731,8.57877688726786e-05,0.00106904048302974,0.00106904048302974,0.00167447635779522,32510462
"224","2020/10/17",2677,71,862417,33648,34248,34248,53703,0.0265273683283861,8.23427240129654e-05,0.00105344550317372,0.00105344550317372,0.00165186825090336,32510462
"225","2020/10/18",3132,54,865549,33702,35550,35550,53781,0.0266237065471417,9.63382187555501e-05,0.00109349414966788,0.00109349414966788,0.00165426747857351,32510462
"226","2020/10/19",3126,57,868675,33759,35746,35746,53846,0.0267198602099226,9.61536627809226e-05,0.00109952297817238,0.00109952297817238,0.00165626683496531,32510462
"227","2020/10/20",2201,61,870876,33820,35214,35214,52579,0.0267875614932818,6.77012833591845e-05,0.00108315901508874,0.00108315901508874,0.00161729476498981,32510462
