"","date","cases","deaths","cum_cases","cum_deaths","cases_active","p_cases","p_cases_daily","p_cases_active","population"
"1","2020/03/03",2,0,2,0,2,1.94616574695739e-07,1.94616574695739e-07,1.94616574695739e-07,10276617
"2","2020/03/04",2,0,4,0,4,3.89233149391478e-07,1.94616574695739e-07,3.89233149391478e-07,10276617
"3","2020/03/05",1,0,5,0,5,4.86541436739347e-07,9.73082873478694e-08,4.86541436739347e-07,10276617
"4","2020/03/06",4,0,9,0,9,8.75774586130825e-07,3.89233149391478e-07,8.75774586130825e-07,10276617
"5","2020/03/07",4,0,13,0,13,1.2650077355223e-06,3.89233149391478e-07,1.2650077355223e-06,10276617
"6","2020/03/08",8,0,21,0,21,2.04347403430526e-06,7.78466298782956e-07,2.04347403430526e-06,10276617
"7","2020/03/09",9,0,30,0,30,2.91924862043608e-06,8.75774586130825e-07,2.91924862043608e-06,10276617
"8","2020/03/10",9,0,39,0,39,3.79502320656691e-06,8.75774586130825e-07,3.79502320656691e-06,10276617
"9","2020/03/11",2,0,41,0,41,3.98963978126265e-06,1.94616574695739e-07,3.98963978126265e-06,10276617
"10","2020/03/12",18,0,59,0,59,5.7411889535243e-06,1.75154917226165e-06,5.7411889535243e-06,10276617
"11","2020/03/13",19,0,78,0,78,7.59004641313382e-06,1.84885745960952e-06,7.59004641313382e-06,10276617
"12","2020/03/14",34,0,112,0,112,1.08985281829614e-05,3.30848176982756e-06,1.08985281829614e-05,10276617
"13","2020/03/15",57,0,169,0,167,1.64451005617899e-05,5.54657237882856e-06,1.62504839870942e-05,10276617
"14","2020/03/16",76,0,245,0,241,2.3840530400228e-05,7.39542983843808e-06,2.34512972508365e-05,10276617
"15","2020/03/17",86,0,331,0,326,3.22090431121448e-05,8.36851271191677e-06,3.17225016754054e-05,10276617
"16","2020/03/18",117,1,448,1,439,4.35941127318455e-05,1.13850696197007e-05,4.27183381457147e-05,10276617
"17","2020/03/19",194,1,642,2,629,6.24719204773322e-05,1.88778077454867e-05,6.12069127418099e-05,10276617
"18","2020/03/20",143,1,785,3,764,7.63870055680775e-05,1.39150850907453e-05,7.43435315337723e-05,10276617
"19","2020/03/21",235,3,1020,6,990,9.92544530948268e-05,2.28674475267493e-05,9.63352044743907e-05,10276617
"20","2020/03/22",260,6,1280,12,1241,0.000124554607805273,2.53001547104461e-05,0.000120759584598706,10276617
"21","2020/03/23",320,2,1600,14,1559,0.000155693259756591,3.11386519513182e-05,0.000151703619975328,10276617
"22","2020/03/24",460,9,2060,23,2001,0.000200455071936611,4.47618121800199e-05,0.000194713882983087,10276617
"23","2020/03/25",302,10,2362,33,2284,0.000229842174715668,2.93871027790566e-05,0.000222252128302534,10276617
"24","2020/03/26",633,10,2995,43,2883,0.000291438320606869,6.15961458912014e-05,0.000280539792423908,10276617
"25","2020/03/27",549,17,3544,60,3375,0.000344860570360849,5.34222497539803e-05,0.000328415469799059,10276617
"26","2020/03/28",724,16,4268,76,4023,0.000415311770400707,7.04512000398575e-05,0.000391471240000479,10276617
"27","2020/03/29",902,24,5170,100,4839,0.000503083845588485,8.77720751877782e-05,0.00047087480247634,10276617
"28","2020/03/30",792,19,5962,119,5514,0.000580152009167998,7.70681635795126e-05,0.000536557896436152,10276617
"29","2020/03/31",446,21,6408,140,5766,0.000623551505325147,4.33994961571498e-05,0.000561079584847815,10276617
"30","2020/04/01",1035,20,7443,160,6658,0.000724265582730192,0.000100714077405045,0.000647878577162115,10276617
"31","2020/04/02",808,27,8251,187,7231,0.000802890678907271,7.86250961770785e-05,0.000703636225812444,10276617
"32","2020/04/03",783,22,9034,209,7754,0.000879083067900653,7.61923889933818e-05,0.00075452846009538,10276617
"33","2020/04/04",852,37,9886,246,8286,0.000961989728721037,8.29066608203848e-05,0.000806296468964446,10276617
"34","2020/04/05",638,20,10524,266,8464,0.00102407241604898,6.20826873279407e-05,0.000823617344112367,10276617
"35","2020/04/06",754,29,11278,295,8916,0.00109744286470927,7.33704486602936e-05,0.000867600689993604,10276617
"36","2020/04/07",452,16,11730,311,8735,0.00114142621059051,4.3983345881237e-05,0.00084998788998364,10276617
"37","2020/04/08",712,34,12442,345,8898,0.00121070971118219,6.9283500591683e-05,0.000865849140821342,10276617
"38","2020/04/09",699,35,13141,380,8873,0.00127872820403835,6.80184928561607e-05,0.000863416433637646,10276617
"39","2020/04/10",815,29,13956,409,8786,0.00135803445822687,7.93062541885136e-05,0.000854950612638381,10276617
"40","2020/04/11",1516,26,15472,435,9510,0.00150555382184624,0.00014751936361937,0.000925401812678238,10276617
"41","2020/04/12",515,35,15987,470,9579,0.00155566758983039,5.01137679841528e-05,0.000932116084505241,10276617
"42","2020/04/13",598,34,16585,504,9142,0.00161385794566441,5.81903558340259e-05,0.000889592362934222,10276617
"43","2020/04/14",349,31,16934,535,8683,0.00164781853794882,3.39605922844064e-05,0.00084492785904155,10276617
"44","2020/04/15",514,32,17448,567,8414,0.00169783499764563,5.00164596968049e-05,0.000818751929744973,10276617
"45","2020/04/16",643,32,18091,599,8205,0.00176040422641031,6.25692287646801e-05,0.000798414497689269,10276617
"46","2020/04/17",750,30,18841,629,8317,0.00183338544192121,7.29812155109021e-05,0.00080931302587223,10276617
"47","2020/04/18",181,28,19022,657,7744,0.00185099824193117,1.76128000099644e-05,0.000753555377221901,10276617
"48","2020/04/19",663,30,19685,687,7955,0.00191551363644281,6.45153945116374e-05,0.000774087425852301,10276617
"49","2020/04/20",521,27,20206,714,7764,0.00196621125415105,5.069761770824e-05,0.000755501542968858,10276617
"50","2020/04/21",657,21,20863,735,7722,0.0020301427989386,6.39315447875502e-05,0.000751414594900248,10276617
"51","2020/04/22",516,27,21379,762,7423,0.0020803538752101,5.02110762715006e-05,0.000722319416983235,10276617
"52","2020/04/23",603,23,21982,785,6510,0.00213903077248087,5.86768972707653e-05,0.00063347695063463,10276617
"53","2020/04/24",371,35,22353,820,6366,0.00217513214708693,3.61013746060596e-05,0.000619464557256537,10276617
"54","2020/04/25",918,60,23271,880,6686,0.00226446115487227,8.93290077853441e-05,0.000650603209207855,10276617
"55","2020/04/26",412,23,23683,903,6749,0.00230455216925959,4.00910143873222e-05,0.000656733631310771,10276617
"56","2020/04/27",163,25,23846,928,6398,0.00232041342009729,1.58612508377027e-05,0.000622578422451669,10276617
"57","2020/04/28",298,20,24144,948,6053,0.00234941128972696,2.89978696296651e-05,0.000589007063316654,10276617
"58","2020/04/29",180,25,24324,973,5483,0.00236692678144958,1.75154917226165e-05,0.000533541339528368,10276617
"59","2020/04/30",368,16,24692,989,5670,0.00240273623119359,3.5809449744016e-05,0.00055173798926242,10276617
"60","2020/05/01",295,18,24987,1007,5302,0.00243144217596121,2.87059447676215e-05,0.000515928539518404,10276617
"61","2020/05/02",364,0,25351,1007,5145,0.00246686239255584,3.54202165946245e-05,0.000500651138404788,10276617
"62","2020/05/03",-161,16,25190,1023,4327,0.00245119575829283,-1.5666634263007e-05,0.000421052959354231,10276617
"63","2020/05/04",334,40,25524,1063,4145,0.00248369672626702,3.25009679741884e-05,0.000403342851056919,10276617
"64","2020/05/05",0,0,25524,1063,3542,0.00248369672626702,0,0.000344665953786154,10276617
"65","2020/05/06",178,11,25702,1074,3349,0.00250101760141494,1.73208751479208e-05,0.000325885454328015,10276617
"66","2020/05/07",480,15,26182,1089,2911,0.00254772557934192,4.67079779269773e-05,0.000283264424469648,10276617
"67","2020/05/08",533,16,26715,1105,3032,0.00259959089649833,5.18653171564144e-05,0.00029503872723874,10276617
"68","2020/05/09",553,9,27268,1114,3422,0.0026534023794017,5.38114829033718e-05,0.000332988959304409,10276617
"69","2020/05/10",138,12,27406,1126,3262,0.00266683092305571,1.3428543654006e-05,0.00031741963332875,10276617
"70","2020/05/11",175,9,27581,1135,3257,0.00268385987334159,1.70289502858772e-05,0.000316933091892011,10276617
"71","2020/05/12",98,9,27679,1144,2987,0.00269339608550168,9.53621216009121e-06,0.000290659854308086,10276617
"72","2020/05/13",234,19,27913,1163,2926,0.00271616622474108,2.27701392394014e-05,0.000284724048779866,10276617
"73","2020/05/14",219,12,28132,1175,2781,0.00273747673967026,2.13105149291834e-05,0.000270614347114425,10276617
"74","2020/05/15",187,9,28319,1184,3129,0.00275567338940431,1.81966497340516e-05,0.000304477631111483,10276617
"75","2020/05/16",264,6,28583,1190,3059,0.00278136277726415,2.56893878598375e-05,0.000297666050997133,10276617
"76","2020/05/17",227,13,28810,1203,3286,0.00280345175849212,2.20889812279664e-05,0.000319755032225099,10276617
"77","2020/05/18",226,15,29036,1218,3334,0.00282544343143274,2.19916729406185e-05,0.000324425830017797,10276617
"78","2020/05/19",173,13,29209,1231,3027,0.00284227776514392,1.68343337111814e-05,0.000294552185802001,10276617
"79","2020/05/20",223,16,29432,1247,2717,0.00286397751322249,2.16997480785749e-05,0.000264386616724161,10276617
"80","2020/05/21",228,16,29660,1263,2392,0.00288616380273781,2.21862895153142e-05,0.000232761423336104,10276617
"81","2020/05/22",252,14,29912,1277,2506,0.00291068549114947,2.45216884116631e-05,0.000243854568093761,10276617
"82","2020/05/23",288,12,30200,1289,2619,0.00293871027790566,2.80247867561864e-05,0.00025485040456407,10276617
"83","2020/05/24",271,13,30471,1302,2792,0.00296508082377693,2.63705458712726e-05,0.000271684738275251,10276617
"84","2020/05/25",152,14,30623,1316,2710,0.00297987168345381,1.47908596768762e-05,0.000263705458712726,10276617
"85","2020/05/26",165,14,30788,1330,2656,0.0029959275508662,1.60558674123985e-05,0.000258450811195941,10276617
"86","2020/05/27",219,12,31007,1342,2688,0.00301723806579539,2.13105149291834e-05,0.000261564676391073,10276617
"87","2020/05/28",285,14,31292,1356,2709,0.00304497092768953,2.77328618941428e-05,0.000263608150425378,10276617
"88","2020/05/29",304,13,31596,1369,2786,0.00307455264704328,2.95817193537523e-05,0.000271100888551164,10276617
"89","2020/05/30",350,14,31946,1383,2910,0.00310861054761504,3.40579005717543e-05,0.0002831671161823,10276617
"90","2020/05/31",257,13,32203,1396,2994,0.00313361877746344,2.50082298484024e-05,0.000291341012319521,10276617
"91","2020/06/01",297,14,32500,1410,3068,0.00316251933880576,2.89005613423172e-05,0.000298541825583263,10276617
"92","2020/06/02",200,14,32700,1424,3040,0.00318198099627533,1.94616574695739e-05,0.000295817193537523,10276617
"93","2020/06/03",195,12,32895,1436,2983,0.00320095611230817,1.89751160328345e-05,0.000290270621158695,10276617
"94","2020/06/04",366,11,33261,1447,3061,0.00323657094547749,3.56148331693202e-05,0.000297860667571828,10276617
"95","2020/06/05",331,8,33592,1455,3121,0.00326877998858963,3.22090431121448e-05,0.000303699164812701,10276617
"96","2020/06/06",377,10,33969,1465,3346,0.00330546521291978,3.66852243301468e-05,0.000325593529465971,10276617
"97","2020/06/07",382,9,34351,1474,3563,0.00334263697868666,3.71717657668861e-05,0.000346709427820459,10276617
"98","2020/06/08",142,5,34493,1479,3486,0.00335645475549006,1.38177768033975e-05,0.000339216689694673,10276617
"99","2020/06/09",392,6,34885,1485,3593,0.00339459960413043,3.81448486403648e-05,0.000349628676440895,10276617
"100","2020/06/10",421,7,35306,1492,3710,0.00343556639310388,4.0966788973453e-05,0.000361013746060596,10276617
"101","2020/06/11",294,3,35600,1495,3654,0.00346417502958415,2.86086364802736e-05,0.000355564481969115,10276617
"102","2020/06/12",310,9,35910,1504,3707,0.00349434059866199,3.01655690778395e-05,0.000360721821198552,10276617
"103","2020/06/13",270,1,36180,1505,3680,0.00352061383624592,2.62732375839247e-05,0.00035809449744016,10276617
"104","2020/06/14",283,7,36463,1512,3763,0.00354815208156536,2.75382453194471e-05,0.000366171085290033,10276617
"105","2020/06/15",227,5,36690,1517,3795,0.00357024106279333,2.20889812279664e-05,0.000369284950485165,10276617
"106","2020/06/16",346,3,37036,1520,3775,0.00360390973021569,3.36686674223628e-05,0.000367338784738207,10276617
"107","2020/06/17",300,2,37336,1522,3744,0.00363310221642005,2.91924862043608e-05,0.000364322227830423,10276617
"108","2020/06/18",336,1,37672,1523,3703,0.00366579780096894,3.26955845488841e-05,0.000360332588049161,10276617
"109","2020/06/19",417,1,38089,1524,3738,0.003706375356793,4.05775558240616e-05,0.000363738378106336,10276617
"110","2020/06/20",375,3,38464,1527,3971,0.00374286596454845,3.6490607755451e-05,0.00038641120905839,10276617
"111","2020/06/21",377,1,38841,1528,3956,0.0037795511888786,3.66852243301468e-05,0.000384951584748172,10276617
"112","2020/06/22",292,2,39133,1530,3827,0.00380796520878417,2.84140199055779e-05,0.000372398815680296,10276617
"113","2020/06/23",259,4,39392,1534,3792,0.00383316805520727,2.52028464230982e-05,0.000368993025623121,10276617
"114","2020/06/24",345,6,39737,1540,3827,0.00386673941434229,3.3571359135015e-05,0.000372398815680296,10276617
"115","2020/06/25",367,3,40104,1543,3924,0.00390245155579896,3.57121414566681e-05,0.00038183771955304,10276617
"116","2020/06/26",311,6,40415,1549,3952,0.00393271443316414,3.02628773651874e-05,0.00038456235159878,10276617
"117","2020/06/27",451,6,40866,1555,4176,0.00397660047075803,4.38860375938891e-05,0.000406359407964703,10276617
"118","2020/06/28",323,6,41189,1561,4153,0.00400803104757139,3.14305768133618e-05,0.000404121317355702,10276617
"119","2020/06/29",457,3,41646,1564,4310,0.00405250093488937,4.44698873179763e-05,0.000419398718469317,10276617
"120","2020/06/30",266,4,41912,1568,4240,0.0040783849393239,2.58840044345333e-05,0.000412587138354966,10276617
"121","2020/07/01",229,8,42141,1576,4052,0.00410066853712657,2.22835978026621e-05,0.000394293180333567,10276617
"122","2020/07/02",313,3,42454,1579,3990,0.00413112603106645,3.04574939398831e-05,0.000388260066517999,10276617
"123","2020/07/03",328,8,42782,1587,3941,0.00416304314931655,3.19171182501012e-05,0.000383491960437953,10276617
"124","2020/07/04",374,11,43156,1598,4023,0.00419943644878465,3.63932994681032e-05,0.000391471240000479,10276617
"125","2020/07/05",413,7,43569,1605,4177,0.00423962477145932,4.01883226746701e-05,0.000406456716252051,10276617
"126","2020/07/06",328,9,43897,1614,4160,0.00427154188970942,3.19171182501012e-05,0.000404802475367137,10276617
"127","2020/07/07",232,6,44129,1620,4025,0.00429411741237413,2.25755226647057e-05,0.000391665856575174,10276617
"128","2020/07/08",287,9,44416,1629,4001,0.00432204489084297,2.79274784688385e-05,0.000389330457678826,10276617
"129","2020/07/09",443,2,44859,1631,3993,0.00436515246213807,4.31075712951062e-05,0.000388551991380043,10276617
"130","2020/07/10",418,13,45277,1644,4088,0.00440582732624948,4.06748641114094e-05,0.00039779627867809,10276617
"131","2020/07/11",402,2,45679,1646,4033,0.00444494525776333,3.91179315138435e-05,0.000392444322873957,10276617
"132","2020/07/12",542,8,46221,1654,4309,0.00449768634950587,5.27410917425452e-05,0.000419301410181969,10276617
"133","2020/07/13",291,6,46512,1660,4371,0.0045260030611241,2.831671161823e-05,0.000425334523997537,10276617
"134","2020/07/14",306,2,46818,1662,4364,0.00455577939705255,2.9776335928448e-05,0.000424653365986102,10276617
"135","2020/07/15",233,6,47051,1668,4269,0.0045784522280046,2.26728309520536e-05,0.000415409078688055,10276617
"136","2020/07/16",375,8,47426,1676,4270,0.00461494283576006,3.6490607755451e-05,0.000415506386975403,10276617
"137","2020/07/17",339,3,47765,1679,4196,0.00464793034517098,3.29875094109277e-05,0.00040830557371166,10276617
"138","2020/07/18",312,3,48077,1682,4180,0.00467829053082352,3.03601856525353e-05,0.000406748641114094,10276617
"139","2020/07/19",313,2,48390,1684,4261,0.0047087480247634,3.04574939398831e-05,0.000414630612389272,10276617
"140","2020/07/20",246,5,48636,1689,4220,0.00473268586345098,2.39378386875759e-05,0.000410640972608009,10276617
"141","2020/07/21",135,2,48771,1691,3912,0.00474582248224294,1.31366187919624e-05,0.000380670020104865,10276617
"142","2020/07/22",127,6,48898,1697,3621,0.00475818063473612,1.23581524931794e-05,0.000352353308486635,10276617
"143","2020/07/23",252,5,49150,1702,3471,0.00478270232314778,2.45216884116631e-05,0.000337757065384455,10276617
"144","2020/07/24",229,3,49379,1705,3158,0.00480498592095044,2.22835978026621e-05,0.000307299571444572,10276617
"145","2020/07/25",313,7,49692,1712,3180,0.00483544341489033,3.04574939398831e-05,0.000309440353766225,10276617
"146","2020/07/26",263,4,49955,1716,3137,0.00486103549446282,2.55920795724897e-05,0.000305256097410266,10276617
"147","2020/07/27",209,1,50164,1717,3113,0.00488137292651852,2.03374320557047e-05,0.000302920698513918,10276617
"148","2020/07/28",135,2,50299,1719,2873,0.00489450954531049,1.31366187919624e-05,0.000279566709550429,10276617
"149","2020/07/29",111,3,50410,1722,2645,0.0049053107652061,1.08012198956135e-05,0.000257380420035115,10276617
"150","2020/07/30",203,3,50613,1725,2536,0.00492506434753772,1.97535823316175e-05,0.000246773816714197,10276617
"151","2020/07/31",255,2,50868,1727,2478,0.00494987796081142,2.48136132737067e-05,0.00024112993604802,10276617
"152","2020/08/01",204,8,51072,1735,2436,0.00496972885143039,1.98508906189654e-05,0.00023704298797941,10276617
"153","2020/08/02",238,2,51310,1737,2539,0.00499288822381918,2.31593723887929e-05,0.00024706574157624,10276617
"154","2020/08/03",153,1,51463,1738,2565,0.0050077763917834,1.4888167964224e-05,0.000249595757047285,10276617
"155","2020/08/04",106,0,51569,1738,2419,0.00501809107024228,1.03146784588742e-05,0.000235388747094496,10276617
"156","2020/08/05",112,1,51681,1739,2302,0.00502898959842524,1.08985281829614e-05,0.000224003677474795,10276617
"157","2020/08/06",167,1,51848,1740,2156,0.00504524008241234,1.62504839870942e-05,0.000209796667522007,10276617
"158","2020/08/07",213,3,52061,1743,2106,0.00506596674761743,2.07266652050962e-05,0.000204931253154613,10276617
"159","2020/08/08",290,3,52351,1746,2187,0.00509418615094831,2.82194033308821e-05,0.00021281322442979,10276617
"160","2020/08/09",186,4,52537,1750,2238,0.00511228549239502,1.80993414467037e-05,0.000217775947084532,10276617
"161","2020/08/10",131,6,52668,1756,2258,0.00512503287803759,1.27473856425709e-05,0.000219722112831489,10276617
"162","2020/08/11",157,3,52825,1759,2212,0.0051403102791512,1.52774011136155e-05,0.000215245931613487,10276617
"163","2020/08/12",120,2,52945,1761,2077,0.00515198727363295,1.16769944817443e-05,0.000202109312821525,10276617
"164","2020/08/13",278,3,53223,1764,2151,0.00517903897751566,2.70517038827077e-05,0.000209310126085267,10276617
"165","2020/08/14",325,6,53548,1770,2238,0.00521066417090371,3.16251933880576e-05,0.000217775947084532,10276617
"166","2020/08/15",235,2,53783,1772,2320,0.00523353161843046,2.28674475267493e-05,0.000225755226647057,10276617
"167","2020/08/16",198,3,53981,1775,2412,0.00525279865932534,1.92670408948781e-05,0.000234707589083061,10276617
"168","2020/08/17",121,3,54102,1778,2421,0.00526457296209443,1.17743027690922e-05,0.000235583363669192,10276617
"169","2020/08/18",132,1,54234,1779,2386,0.00527741765602435,1.28446939299188e-05,0.000232177573612016,10276617
"170","2020/08/19",214,5,54448,1784,2387,0.0052982416295168,2.08239734924441e-05,0.000232274881899364,10276617
"171","2020/08/20",253,2,54701,1786,2350,0.00532286062621581,2.4618996699011e-05,0.000228674475267493,10276617
"172","2020/08/21",291,2,54992,1788,2455,0.00535117733783404,2.831671161823e-05,0.000238891845439019,10276617
"173","2020/08/22",219,4,55211,1792,2543,0.00537248785276322,2.13105149291834e-05,0.000247454974725632,10276617
"174","2020/08/23",241,2,55452,1794,2627,0.00539593915001406,2.34512972508365e-05,0.000255628870862853,10276617
"175","2020/08/24",145,2,55597,1796,2652,0.0054100488516795,1.41097016654411e-05,0.00025806157804655,10276617
"176","2020/08/25",123,5,55720,1801,2497,0.00542201777102329,1.19689193437879e-05,0.00024297879350763,10276617
"177","2020/08/26",192,4,55912,1805,2364,0.00544070096219408,1.86831911707909e-05,0.000230036791290363,10276617
"178","2020/08/27",362,2,56274,1807,2491,0.00547592656221401,3.52256000199287e-05,0.000242394943783543,10276617
"179","2020/08/28",399,2,56673,1809,2692,0.0055147525688658,3.88260066517999e-05,0.000261953909540465,10276617
"180","2020/08/29",401,6,57074,1815,2972,0.0055537731920923,3.90206232264956e-05,0.000289200229997868,10276617
"181","2020/08/30",374,3,57448,1818,3214,0.0055901664915604,3.63932994681032e-05,0.000312748835536052,10276617
"182","2020/08/31",320,1,57768,1819,3320,0.00562130514351172,3.11386519513182e-05,0.000323063513994927,10276617
"183","2020/09/01",244,3,58012,1822,3311,0.0056450483656246,2.37432221128801e-05,0.000322187739408796,10276617
"184","2020/09/02",231,2,58243,1824,3251,0.00566752658000196,2.24782143773578e-05,0.000316349242167924,10276617
"185","2020/09/03",390,3,58633,1827,3422,0.00570547681206763,3.79502320656691e-05,0.000332988959304409,10276617
"186","2020/09/04",418,2,59051,1829,3599,0.00574615167617904,4.06748641114094e-05,0.000350212526164982,10276617
"187","2020/09/05",406,4,59457,1833,3860,0.00578565884084227,3.9507164663235e-05,0.000375609989162776,10276617
"188","2020/09/06",486,5,59943,1838,4223,0.00583295066849334,4.72918276510646e-05,0.000410932897470053,10276617
"189","2020/09/07",315,2,60258,1840,4346,0.00586360277900792,3.06521105145789e-05,0.000422901816813841,10276617
"190","2020/09/08",249,3,60507,1843,4233,0.00588783254255754,2.42297635496195e-05,0.000411905980343531,10276617
"191","2020/09/09",388,3,60895,1846,4222,0.00592558815804851,3.77556154909733e-05,0.000410835589182705,10276617
"192","2020/09/10",646,3,61541,1849,4467,0.00598844931167523,6.28611536267237e-05,0.000434676119582933,10276617
"193","2020/09/11",585,3,62126,1852,4678,0.00604537465977374,5.69253480985036e-05,0.000455208168213333,10276617
"194","2020/09/12",687,3,62813,1855,5045,0.00611222545318172,6.68507934079863e-05,0.000490920309670001,10276617
"195","2020/09/13",497,5,63310,1860,5298,0.00616058767199361,4.83622188118911e-05,0.000515539306369012,10276617
"196","2020/09/14",673,7,63983,1867,5740,0.00622607614937873,6.54884773851161e-05,0.000558549569376771,10276617
"197","2020/09/15",613,4,64596,1871,5963,0.00628572612952297,5.9649980144244e-05,0.000580249317455345,10276617
"198","2020/09/16",425,4,65021,1875,5970,0.00632708215164582,4.13560221228445e-05,0.000580930475466781,10276617
"199","2020/09/17",605,3,65626,1878,6169,0.00638595366549128,5.8871513845461e-05,0.000600294824649007,10276617
"200","2020/09/18",770,10,66396,1888,6453,0.00646088104674914,7.49273812578595e-05,0.000627930378255802,10276617
"201","2020/09/19",780,6,67176,1894,6918,0.00653678151088048,7.59004641313382e-05,0.000673178731872561,10276617
"202","2020/09/20",849,5,68025,1899,7518,0.00661939624683882,8.26147359583411e-05,0.000731563704281282,10276617
"203","2020/09/21",552,13,68577,1912,7682,0.00667311042145484,5.37141746160239e-05,0.000747522263406333,10276617
"204","2020/09/22",623,8,69200,1920,7659,0.00673373348447256,6.06230630177227e-05,0.000745284172797332,10276617
"205","2020/09/23",463,5,69663,1925,7537,0.00677878722151463,4.50537370420635e-05,0.000733412561740892,10276617
"206","2020/09/24",802,3,70465,1928,7652,0.00685682846796762,7.80412464529913e-05,0.000744603014785897,10276617
"207","2020/09/25",691,3,71156,1931,7846,0.006924068494525,6.72400265573778e-05,0.000763480822531384,10276617
"208","2020/09/26",899,5,72055,1936,8072,0.00701154864485073,8.74801503257346e-05,0.000785472495472002,10276617
"209","2020/09/27",884,8,72939,1944,8343,0.00709756917086625,8.60205260155166e-05,0.000811843041343275,10276617
"210","2020/09/28",665,9,73604,1953,8583,0.00716227918195258,6.47100110863332e-05,0.000835197030306763,10276617
"211","2020/09/29",425,4,74029,1957,8403,0.00720363520407543,4.13560221228445e-05,0.000817681538584147,10276617
"212","2020/09/30",688,6,74717,1963,8321,0.00727058330577076,6.69481016953342e-05,0.000809702259021622,10276617
"213","2020/10/01",825,8,75542,1971,8366,0.00735086264283275,8.02793370619923e-05,0.000814081131952276,10276617
"214","2020/10/02",854,6,76396,1977,8371,0.00743396392022783,8.31012773950805e-05,0.000814567673389015,10276617
"215","2020/10/03",888,6,77284,1983,8707,0.00752037367939274,8.64097591649081e-05,0.000847263257937899,10276617
"216","2020/10/04",963,12,78247,1995,9047,0.00761408156010874,9.37078807159983e-05,0.000880348075636175,10276617
"217","2020/10/05",0,0,78247,1995,8584,0.00761408156010874,0,0.000835294338594111,10276617
"218","2020/10/06",1638,23,79885,2018,9420,0.00777347253478455,0.00015939097467581,0.00091664406681693,10276617
"219","2020/10/07",427,14,80312,2032,9156,0.00781502317348209,4.15506386975403e-05,0.000890954678957093,10276617
"220","2020/10/08",944,8,81256,2040,9201,0.00790688219673848,9.18590232563887e-05,0.000895333551887747,10276617
"221","2020/10/09",1278,10,82534,2050,9595,0.00803124218796906,0.000124359991230577,0.000933673017102807,10276617
"222","2020/10/10",1394,12,83928,2062,10324,0.00816688994053199,0.00013564775256293,0.0010046107585794,10276617
"223","2020/10/11",1646,5,85574,2067,11545,0.00832705938150658,0.000160169440974593,0.00112342417743115,10276617
"224","2020/10/12",1090,13,86664,2080,11947,0.00843312541471576,0.000106066033209178,0.001162542108945,10276617
"225","2020/10/13",1249,14,87913,2094,12371,0.00855466346561325,0.000121538050897489,0.00120380082278049,10276617
