"","date","countrycode","population","cases_daily","deaths","cases_infected","cum_deaths","cases_contagious","cases_active","p_cases_infected","p_cases_daily","p_cases_contagious","p_cases_active"
"47011","2020/03/07","RS",6963764,1,0,1,0,1,1,1.43600501108309e-07,1.43600501108309e-07,1.43600501108309e-07,1.43600501108309e-07
"47010","2020/03/11","RS",6963764,4,0,5,0,5,5,7.18002505541543e-07,5.74402004433235e-07,7.18002505541543e-07,7.18002505541543e-07
"47009","2020/03/12","RS",6963764,13,0,18,0,18,18,2.58480901994956e-06,1.86680651440801e-06,2.58480901994956e-06,2.58480901994956e-06
"47008","2020/03/13","RS",6963764,6,0,24,0,24,24,3.44641202659941e-06,8.61603006649852e-07,3.44641202659941e-06,3.44641202659941e-06
"47007","2020/03/14","RS",6963764,17,0,41,0,41,41,5.88762054544065e-06,2.44120851884125e-06,5.88762054544065e-06,5.88762054544065e-06
"47006","2020/03/15","RS",6963764,5,0,46,0,46,46,6.6056230509822e-06,7.18002505541543e-07,6.6056230509822e-06,6.6056230509822e-06
"47005","2020/03/16","RS",6963764,9,0,55,0,55,55,7.89802756095698e-06,1.29240450997478e-06,7.89802756095698e-06,7.89802756095698e-06
"47004","2020/03/17","RS",6963764,2,0,57,0,57,57,8.18522856317359e-06,2.87201002216617e-07,8.18522856317359e-06,8.18522856317359e-06
"47003","2020/03/18","RS",6963764,15,0,72,0,72,72,1.03392360797982e-05,2.15400751662463e-06,1.03392360797982e-05,1.03392360797982e-05
"47002","2020/03/19","RS",6963764,22,0,94,0,94,94,1.3498447104181e-05,3.15921102438279e-06,1.3498447104181e-05,1.3498447104181e-05
"47001","2020/03/20","RS",6963764,32,0,126,0,126,126,1.80936631396469e-05,4.59521603546588e-06,1.80936631396469e-05,1.80936631396469e-05
"47000","2020/03/21","RS",6963764,9,1,135,1,135,135,1.93860676496217e-05,1.29240450997478e-06,1.93860676496217e-05,1.93860676496217e-05
"46999","2020/03/22","RS",6963764,14,0,149,1,148,149,2.1396474665138e-05,2.01040701551632e-06,2.12528741640297e-05,2.1396474665138e-05
"46998","2020/03/23","RS",6963764,39,0,188,1,183,188,2.6996894208362e-05,5.60041954322404e-06,2.62788917028205e-05,2.6996894208362e-05
"46997","2020/03/24","RS",6963764,34,0,222,1,204,222,3.18793112460445e-05,4.8824170376825e-06,2.9294502226095e-05,3.18793112460445e-05
"46996","2020/03/25","RS",6963764,27,0,249,1,225,249,3.57565247759689e-05,3.87721352992433e-06,3.23101127493695e-05,3.57565247759689e-05
"46995","2020/03/26","RS",6963764,54,1,303,2,262,303,4.35109518358175e-05,7.75442705984867e-06,3.76233312903769e-05,4.35109518358175e-05
"46994","2020/03/27","RS",6963764,81,1,384,3,338,384,5.51425924255905e-05,1.1631640589773e-05,4.85369693746083e-05,5.51425924255905e-05
"46993","2020/03/28","RS",6963764,73,3,457,6,402,456,6.56254290064971e-05,1.04828365809065e-05,5.77274014455401e-05,6.54818285053888e-05
"46992","2020/03/29","RS",6963764,202,4,659,10,602,654,9.46327302303754e-05,2.90073012238784e-05,8.64475016672018e-05,9.39147277248339e-05
"46991","2020/03/30","RS",6963764,82,3,741,13,669,723,0.000106407971321257,1.17752410908813e-05,9.60687352414585e-05,0.000103823162301307
"46990","2020/03/31","RS",6963764,44,3,785,16,691,761,0.000112726393370022,6.31842204876558e-06,9.92279462658413e-05,0.000109279981343423
"46989","2020/04/01","RS",6963764,115,7,900,23,774,859,0.000129240450997478,1.65140576274555e-05,0.000111146787857831,0.000123352830452037
"46988","2020/04/02","RS",6963764,160,0,1060,23,925,1014,0.000152216531174807,2.29760801773294e-05,0.000132830463525186,0.000145610908123825
"46987","2020/04/03","RS",6963764,111,8,1171,31,1022,1116,0.000168156186797829,1.59396556230223e-05,0.000146759712132691,0.000160258159236872
"46986","2020/04/04","RS",6963764,305,8,1476,39,1288,1419,0.000211954339635864,4.37981528380341e-05,0.000184957445427502,0.00020376911107269
"46985","2020/04/05","RS",6963764,148,5,1624,44,1402,1552,0.000233207213799893,2.12528741640297e-05,0.000201327902553849,0.000222867977720095
"46984","2020/04/06","RS",6963764,284,7,1908,51,1659,1814,0.000273989756114653,4.07825423147597e-05,0.000238233231338684,0.000260491309010472
"46983","2020/04/07","RS",6963764,292,7,2200,58,1897,2074,0.000315921102438279,4.19313463236261e-05,0.000272410150602462,0.000297827439298632
"46982","2020/04/08","RS",6963764,247,3,2447,61,2063,2312,0.000351390426212031,3.54693237737522e-05,0.000296247833786441,0.00033200435856241
"46981","2020/04/09","RS",6963764,219,4,2666,65,2209,2517,0.000382838935954751,3.14485097427196e-05,0.000317213506948254,0.000361442461289613
"46980","2020/04/10","RS",6963764,201,1,2867,66,2208,2679,0.000411702636677521,2.886370072277e-05,0.000317069906447146,0.000384705742469159
"46979","2020/04/11","RS",6963764,238,5,3105,71,2364,2883,0.000445879555941298,3.41769192637775e-05,0.000339471584620042,0.000414000244695254
"46978","2020/04/12","RS",6963764,275,3,3380,74,2595,3131,0.000485369693746083,3.94901378047849e-05,0.000372643300376061,0.000449613168970114
"46977","2020/04/13","RS",6963764,250,6,3630,80,2730,3327,0.00052126981902316,3.59001252770772e-05,0.000392029368025683,0.000477758867187343
"46976","2020/04/14","RS",6963764,424,5,4054,85,2994,3670,0.000582156431493083,6.08866124699229e-05,0.000429939900318276,0.000527013839067493
"46975","2020/04/15","RS",6963764,411,9,4465,94,3294,4008,0.000641176237448598,5.90198059555149e-05,0.000473020050650769,0.000575550808442101
"46974","2020/04/16","RS",6963764,408,5,4873,99,3397,4214,0.000699765241900788,5.85890044521899e-05,0.000487810902264925,0.000605132511670413
"46973","2020/04/17","RS",6963764,445,4,5318,103,3694,4577,0.000763667464893985,6.39022229931974e-05,0.000530460251094092,0.000657259493572729
"46972","2020/04/18","RS",6963764,372,7,5690,110,3782,4905,0.000817086851306276,5.34193864122908e-05,0.000543097095191623,0.000704360457936254
"46971","2020/04/19","RS",6963764,304,7,5994,117,3794,5094,0.000860741403643202,4.36545523369258e-05,0.000544820301204923,0.000731500952645724
"46970","2020/04/20","RS",6963764,324,5,6318,122,3871,5258,0.000907267966002294,4.6526562359092e-05,0.000555877539790263,0.000755051434827487
"46969","2020/04/21","RS",6963764,312,3,6630,125,3964,5459,0.000952071322348086,4.48033563457923e-05,0.000569232386393336,0.000783915135550257
"46968","2020/04/22","RS",6963764,260,0,6890,125,4023,5414,0.000989407452636247,3.73361302881603e-05,0.000577704815958726,0.000777453113000383
"46967","2020/04/23","RS",6963764,224,9,7114,134,4009,5490,0.00102157396488451,3.21665122482611e-05,0.000575694408943209,0.000788366751084615
"46966","2020/04/24","RS",6963764,162,5,7276,139,3896,5368,0.00104483724606405,2.3263281179546e-05,0.000559467552317971,0.000770847489949401
"46965","2020/04/25","RS",6963764,207,5,7483,144,3853,5283,0.00107456254979347,2.97253037294199e-05,0.000553292730770313,0.000758641447355195
"46964","2020/04/26","RS",6963764,296,7,7779,151,3725,5332,0.00111706829812153,4.25057483280594e-05,0.00053491186662845,0.000765677871909502
"46963","2020/04/27","RS",6963764,263,5,8042,156,3577,5376,0.00115483522991302,3.77669317914852e-05,0.00051365899246442,0.000771996293958267
"46962","2020/04/28","RS",6963764,233,6,8275,162,3402,5408,0.00118829414667125,3.34589167582359e-05,0.000488528904770466,0.000776591509993733
"46961","2020/04/29","RS",6963764,222,6,8497,168,3179,5392,0.0012201734579173,3.18793112460445e-05,0.000456505993023313,0.000774293901976
"46960","2020/04/30","RS",6963764,227,5,8724,173,3034,5344,0.00125277077166888,3.25973137515861e-05,0.000435683920362609,0.000767401077922801
"46959","2020/05/01","RS",6963764,285,6,9009,179,3015,5379,0.00129369691448475,4.0926142815868e-05,0.000432955510841551,0.000772427095461592
"46958","2020/05/02","RS",6963764,196,6,9205,185,2887,5151,0.00132184261270198,2.81456982172285e-05,0.000414574646699687,0.000739686181208898
"46957","2020/05/03","RS",6963764,157,4,9362,189,2732,4897,0.00134438789137599,2.25452786740045e-05,0.000392316569027899,0.000703211653927388
"46956","2020/05/04","RS",6963764,102,4,9464,193,2574,4591,0.00135903514248903,1.46472511130475e-05,0.000369627689852787,0.000659269900588245
"46955","2020/05/05","RS",6963764,93,4,9557,197,2443,4239,0.00137238998909211,1.33548466030727e-05,0.000350816024207598,0.00060872252419812
"46954","2020/05/06","RS",6963764,120,3,9677,200,2401,3987,0.0013896220492251,1.7232060132997e-05,0.000344784803161049,0.000572535197918827
"46953","2020/05/07","RS",6963764,114,3,9791,203,2308,3797,0.00140599250635145,1.63704571263472e-05,0.000331429956557976,0.000545251102708248
"46952","2020/05/08","RS",6963764,57,3,9848,206,2069,3530,0.00141417773491462,8.18522856317359e-06,0.000297109436793091,0.00050690976891233
"46951","2020/05/09","RS",6963764,95,3,9943,209,1901,3313,0.00142781978251991,1.36420476052893e-05,0.000272984552606895,0.000475748460171827
"46950","2020/05/10","RS",6963764,89,4,10032,213,1757,3142,0.00144060022711855,1.27804445986395e-05,0.000252306080447298,0.000451192774482306
"46949","2020/05/11","RS",6963764,82,2,10114,215,1617,3000,0.00145237546820943,1.17752410908813e-05,0.000232202010292135,0.000430801503324926
"46948","2020/05/12","RS",6963764,62,3,10176,218,1452,2900,0.00146127869927815,8.90323106871514e-06,0.000208507927609264,0.000416441453214095
"46947","2020/05/13","RS",6963764,67,2,10243,220,1234,2760,0.00147089993285241,9.62123357425668e-06,0.000177203018367653,0.000396337383058932
"46946","2020/05/14","RS",6963764,52,2,10295,222,1090,2516,0.00147836715891004,7.46722605763205e-06,0.000156524546208056,0.000361298860788505
"46945","2020/05/15","RS",6963764,79,2,10374,224,1012,2332,0.00148971159849759,1.13444395875564e-05,0.000145323707121608,0.000334876368584576
"46944","2020/05/16","RS",6963764,64,1,10438,225,974,2163,0.00149890203056853,9.19043207093176e-06,0.000139866888079493,0.000310607883897272
"46943","2020/05/17","RS",6963764,58,3,10496,228,939,1999,0.00150723085963281,8.3288290642819e-06,0.000134840870540702,0.000287057401715509
"46942","2020/05/18","RS",6963764,114,2,10610,230,933,1886,0.00152360131675916,1.63704571263472e-05,0.000133979267534052,0.00027083054509027
"46941","2020/05/19","RS",6963764,89,1,10699,231,908,1690,0.00153638176135779,1.27804445986395e-05,0.000130389255006344,0.000242684846873042
"46940","2020/05/20","RS",6963764,34,3,10733,234,885,1528,0.00154126417839548,4.8824170376825e-06,0.000127086443480853,0.000219421565693496
"46939","2020/05/21","RS",6963764,100,1,10833,235,890,1471,0.00155562422850631,1.43600501108309e-05,0.000127804445986395,0.000211236337130322
"46938","2020/05/22","RS",6963764,86,2,10919,237,887,1455,0.00156797387160162,1.23496430953145e-05,0.00012737364448307,0.000208938729112589
"46937","2020/05/23","RS",6963764,105,0,11024,237,910,1467,0.00158305192421799,1.50780526163724e-05,0.000130676456008561,0.000210661935125889
"46936","2020/05/24","RS",6963764,68,1,11092,238,916,1415,0.00159281675829336,9.76483407536499e-06,0.000131538059015211,0.000203194709068257
"46935","2020/05/25","RS",6963764,67,0,11159,238,916,1368,0.00160243799186762,9.62123357425668e-06,0.000131538059015211,0.000196445485516166
"46934","2020/05/26","RS",6963764,34,1,11193,239,898,1345,0.0016073204089053,4.8824170376825e-06,0.000128953249995261,0.000193142673990675
"46933","2020/05/27","RS",6963764,34,0,11227,239,853,1284,0.00161220282594298,4.8824170376825e-06,0.000122491227445387,0.000184383043423068
"46932","2020/05/28","RS",6963764,48,1,11275,240,837,1243,0.00161909564999618,6.89282405319882e-06,0.000120193619427654,0.000178495422877628
"46931","2020/05/29","RS",6963764,25,1,11300,241,804,1186,0.00162268566252389,3.59001252770772e-06,0.00011545480289108,0.000170310194314454
"46930","2020/05/30","RS",6963764,54,1,11354,242,744,1178,0.00163044008958374,7.75442705984867e-06,0.000106838772824582,0.000169161390305588
"46929","2020/05/31","RS",6963764,27,0,11381,242,682,1138,0.00163431730311366,3.87721352992433e-06,9.79355417558665e-05,0.000163417370261255
"46928","2020/06/01","RS",6963764,31,1,11412,243,679,1117,0.00163876891864802,4.45161553435757e-06,9.75047402525416e-05,0.000160401759737981
"46927","2020/06/02","RS",6963764,18,1,11430,244,597,1056,0.00164135372766797,2.58480901994956e-06,8.57294991616603e-05,0.000151642129170374
"46926","2020/06/03","RS",6963764,24,1,11454,245,535,1016,0.00164480013969457,3.44641202659941e-06,7.68262680929451e-05,0.000145898109126042
"46925","2020/06/04","RS",6963764,69,0,11523,245,499,1027,0.00165470857427104,9.9084345764733e-06,7.1656650053046e-05,0.000147477714638233
"46924","2020/06/05","RS",6963764,48,1,11571,246,479,961,0.00166160139832424,6.89282405319882e-06,6.87846400308799e-05,0.000138000081565085
"46923","2020/06/06","RS",6963764,96,1,11667,247,508,968,0.00167538704643064,1.37856481063976e-05,7.29490545630208e-05,0.000139005285072843
"46922","2020/06/07","RS",6963764,74,1,11741,248,548,1008,0.00168601348351265,1.06264370820148e-05,7.86930746073531e-05,0.000144749305117175
"46921","2020/06/08","RS",6963764,82,1,11823,249,596,990,0.00169778872460353,1.17752410908813e-05,8.5585898660552e-05,0.000142164496097226
"46920","2020/06/09","RS",6963764,73,1,11896,250,621,977,0.00170827156118444,1.04828365809065e-05,8.91759111882597e-05,0.000140297689582818
"46919","2020/06/10","RS",6963764,69,0,11965,250,665,941,0.00171817999576091,9.9084345764733e-06,9.54943332370253e-05,0.000135128071542918
"46918","2020/06/11","RS",6963764,66,1,12031,251,677,939,0.00172765762883406,9.47763307314837e-06,9.7217539250325e-05,0.000134840870540702
"46917","2020/06/12","RS",6963764,71,1,12102,252,721,943,0.00173785326441275,1.01956355786899e-05,0.000103535961299091,0.000135415272545135
"46916","2020/06/13","RS",6963764,73,0,12175,252,763,982,0.00174833610099366,1.04828365809065e-05,0.00010956718234564,0.000141015692088359
"46915","2020/06/14","RS",6963764,76,1,12251,253,821,1024,0.00175924973907789,1.09136380842315e-05,0.000117896011409921,0.000147046913134908
"46914","2020/06/15","RS",6963764,59,1,12310,254,856,1035,0.00176772216864328,8.47242956539021e-06,0.000122922028948712,0.000148626518647099
"46913","2020/06/16","RS",6963764,57,1,12367,255,844,1067,0.00177590739720645,8.18522856317359e-06,0.000121198822935413,0.000153221734682565
"46912","2020/06/17","RS",6963764,59,1,12426,256,855,1072,0.00178437982677184,8.47242956539021e-06,0.000122778428447604,0.000153939737188107
"46911","2020/06/18","RS",6963764,96,1,12522,257,855,1141,0.00179816547487824,1.37856481063976e-05,0.000122778428447604,0.00016384817176458
"46910","2020/06/19","RS",6963764,94,1,12616,258,875,1204,0.00181166392198242,1.3498447104181e-05,0.00012565043846977,0.000172895003334404
"46909","2020/06/20","RS",6963764,93,1,12709,259,886,1279,0.00182501876858549,1.33548466030727e-05,0.000127230043981961,0.000183665040917527
"46908","2020/06/21","RS",6963764,94,1,12803,260,907,1349,0.00183851721568968,1.3498447104181e-05,0.000130245654505236,0.000193717075995108
"46907","2020/06/22","RS",6963764,91,1,12894,261,929,1371,0.00185158486129053,1.30676456008561e-05,0.000133404865529619,0.000196876287019491
"46906","2020/06/23","RS",6963764,96,1,12990,262,959,1419,0.00186537050939693,1.37856481063976e-05,0.000137712880562868,0.00020376911107269
"46905","2020/06/24","RS",6963764,102,1,13092,263,990,1425,0.00188001776050998,1.46472511130475e-05,0.000142164496097226,0.00020463071407934
"46904","2020/06/25","RS",6963764,143,0,13235,263,1060,1494,0.00190055263216847,2.05348716584881e-05,0.000152216531174807,0.000214539148655813
"46903","2020/06/26","RS",6963764,137,1,13372,264,1121,1549,0.0019202259008203,1.96732686518383e-05,0.000160976161742414,0.00022243717621677
"46902","2020/06/27","RS",6963764,193,1,13565,265,1255,1669,0.00194794079753421,2.77148967139036e-05,0.000180218628890927,0.000239669236349767
"46901","2020/06/28","RS",6963764,227,2,13792,267,1425,1827,0.00198053811128579,3.25973137515861e-05,0.00020463071407934,0.00026235811552488
"46900","2020/06/29","RS",6963764,254,3,14046,270,1620,2015,0.0020170126385673,3.64745272815104e-05,0.00023263281179546,0.000289355009733242
"46899","2020/06/30","RS",6963764,242,4,14288,274,1766,2186,0.00205176395983551,3.47513212682107e-05,0.000253598484957273,0.000313910695422763
"46898","2020/07/01","RS",6963764,276,3,14564,277,1948,2389,0.00209139769814141,3.96337383058932e-05,0.000279733776158985,0.000343061597147749
"46897","2020/07/02","RS",6963764,272,4,14836,281,2127,2585,0.00213045703444287,3.905933630146e-05,0.000305438265857373,0.000371207295364978
"46896","2020/07/03","RS",6963764,359,6,15195,287,2392,2885,0.00218200961434075,5.15525798978828e-05,0.000343492398651074,0.000414287445697471
"46895","2020/07/04","RS",6963764,309,11,15504,298,2610,3137,0.00222638216918322,4.43725548424674e-05,0.000374797307892686,0.000450474771976764
"46894","2020/07/05","RS",6963764,325,8,15829,306,2839,3403,0.00227305233204342,4.66701628602003e-05,0.000407681822646488,0.000488672505271574
"46893","2020/07/06","RS",6963764,302,5,16131,311,3039,3609,0.00231641968337813,4.33673513347092e-05,0.00043640192286815,0.000518254208499886
"46892","2020/07/07","RS",6963764,289,6,16420,317,3185,3804,0.00235792022819843,4.15005448203012e-05,0.000457367596029963,0.000546256306216006
"46891","2020/07/08","RS",6963764,299,13,16719,330,3347,4010,0.00240085677802981,4.29365498313843e-05,0.000480630877209509,0.000575838009444318
"46890","2020/07/09","RS",6963764,357,11,17076,341,3511,4273,0.00245212215692548,5.12653788956662e-05,0.000504181359391272,0.000613604941235803
"46889","2020/07/10","RS",6963764,266,11,17342,352,3550,4448,0.00249031989022029,3.81977332948101e-05,0.000509781778934496,0.000638735028929757
"46888","2020/07/11","RS",6963764,386,18,17728,370,3682,4738,0.0025457496836481,5.54297934278071e-05,0.000528737045080793,0.000680379174251167
"46887","2020/07/12","RS",6963764,345,12,18073,382,3785,4981,0.00259529185653046,4.95421728823665e-05,0.000543527896694948,0.000715274096020486
"46886","2020/07/13","RS",6963764,287,11,18360,393,3796,5125,0.00263650520034855,4.12133438180846e-05,0.00054510750220714,0.000735952568180082
"46885","2020/07/14","RS",6963764,279,12,18639,405,3803,5267,0.00267656974015777,4.00645398092181e-05,0.000546112705714898,0.000756343839337462
"46884","2020/07/15","RS",6963764,344,13,18983,418,3788,5418,0.00272596831253902,4.93985723812582e-05,0.000543958698198273,0.000778027515004816
"46883","2020/07/16","RS",6963764,351,11,19334,429,3830,5542,0.00277637208842804,5.04037758890163e-05,0.000549989919244822,0.000795833977142247
"46882","2020/07/17","RS",6963764,383,13,19717,442,3888,5671,0.00283137108035252,5.49989919244822e-05,0.000558318748309104,0.000814358441785218
"46881","2020/07/18","RS",6963764,392,10,20109,452,3978,5821,0.00288766247678698,5.6291396434457e-05,0.000571242793408852,0.000835898516951465
"46880","2020/07/19","RS",6963764,389,9,20498,461,4078,5934,0.00294352307171811,5.58605949311321e-05,0.000585602843519683,0.000852125373576704
"46879","2020/07/20","RS",6963764,396,11,20894,472,4175,6058,0.003000388870157,5.68657984388902e-05,0.000599532092127189,0.000869931835714134
"46878","2020/07/21","RS",6963764,359,10,21253,482,4177,6058,0.00305194145005488,5.15525798978828e-05,0.000599819293129405,0.000869931835714134
"46877","2020/07/22","RS",6963764,352,9,21605,491,4263,6101,0.00310248882644501,5.05473763901247e-05,0.00061216893622472,0.000876106657261791
"46876","2020/07/23","RS",6963764,426,8,22031,499,4303,6202,0.00316366263991715,6.11738134721395e-05,0.000617912956269052,0.00089061030787373
"46875","2020/07/24","RS",6963764,412,9,22443,508,4370,6312,0.00322282604637377,5.91634064566232e-05,0.000627534189843309,0.000906406362995644
"46874","2020/07/25","RS",6963764,409,10,22852,518,4492,6432,0.00328155865132707,5.87326049532982e-05,0.000645053450978523,0.000923638423128641
"46873","2020/07/26","RS",6963764,411,8,23263,526,4624,6544,0.00334057845728258,5.90198059555149e-05,0.000664008717124819,0.000939721679252772
"46872","2020/07/27","RS",6963764,467,8,23730,534,4747,6654,0.00340763989130016,6.70614340175801e-05,0.000681671578761141,0.000955517734374686
"46871","2020/07/28","RS",6963764,411,9,24141,543,4807,6799,0.00346665969725568,5.90198059555149e-05,0.00069028760882764,0.000976339807035391
"46870","2020/07/29","RS",6963764,379,8,24520,551,4803,6792,0.00352108428717573,5.4424589920049e-05,0.000689713206823207,0.000975334603527633
"46869","2020/07/30","RS",6963764,372,7,24892,558,4783,6819,0.00357450367358802,5.34193864122908e-05,0.00068684119680104,0.000979211817057557
"46868","2020/07/31","RS",6963764,321,7,25213,565,4715,6853,0.00362059943444379,4.60957608557671e-05,0.000677076362725675,0.000984094234095239
"46867","2020/08/01","RS",6963764,339,8,25552,573,4658,6913,0.0036692800043195,4.86805698757166e-05,0.000668891134162502,0.000992710264161738
"46866","2020/08/02","RS",6963764,330,9,25882,582,4629,6899,0.00371666816968524,4.73881653657419e-05,0.000664726719630361,0.000990699857146221
"46865","2020/08/03","RS",6963764,311,8,26193,590,4588,6859,0.00376132792552993,4.4659755844684e-05,0.00065883909908492,0.000984955837101889
"46864","2020/08/04","RS",6963764,258,8,26451,598,4420,6734,0.00379837685481587,3.70489292859436e-05,0.000634714214898724,0.000967005774463351
"46863","2020/08/05","RS",6963764,287,7,26738,605,4295,6629,0.00383959019863396,4.12133438180846e-05,0.000616764152260186,0.000951927721846978
"46862","2020/08/06","RS",6963764,295,9,27033,614,4181,6535,0.00388195234646091,4.23621478269511e-05,0.000600393695133839,0.000938429274742797
"46861","2020/08/07","RS",6963764,299,7,27332,621,4069,6438,0.00392488889629229,4.29365498313843e-05,0.000584310439009708,0.000924500026135291
"46860","2020/08/08","RS",6963764,276,5,27608,626,3878,6355,0.00396452263459819,3.96337383058932e-05,0.000556882743298021,0.000912581184543302
"46859","2020/08/09","RS",6963764,255,6,27863,632,3722,6258,0.0040011407623808,3.66181277826187e-05,0.000534481065125125,0.000898651935935796
"46858","2020/08/10","RS",6963764,236,9,28099,641,3579,6068,0.00403503048064237,3.38897182615608e-05,0.000513946193466637,0.000871367840725217
"46857","2020/08/11","RS",6963764,163,5,28262,646,3370,5819,0.00405843736232302,2.34068816806543e-05,0.000483933688735,0.000835611315949248
"46856","2020/08/12","RS",6963764,235,6,28497,652,3284,5645,0.00409218348008347,3.37461177604525e-05,0.000471584045639686,0.000810624828756402
"46855","2020/08/13","RS",6963764,254,6,28751,658,3199,5488,0.00412865800736498,3.64745272815104e-05,0.000459378003045479,0.000788079550082398
"46854","2020/08/14","RS",6963764,247,3,28998,661,3116,5268,0.00416412733113873,3.54693237737522e-05,0.00044745916145349,0.00075648743983857
"46853","2020/08/15","RS",6963764,235,4,29233,665,3040,5092,0.00419787344889919,3.37461177604525e-05,0.000436545523369258,0.000731213751643508
"46852","2020/08/16","RS",6963764,238,5,29471,670,3020,4951,0.00423205036816296,3.41769192637775e-05,0.000433673513347092,0.000710966080987236
"46851","2020/08/17","RS",6963764,211,4,29682,674,2944,4790,0.00426235007389682,3.02997057338531e-05,0.000422759875262861,0.000687846400308798
"46850","2020/08/18","RS",6963764,100,3,29782,677,2749,4569,0.00427671012400765,1.43600501108309e-05,0.000394757777546741,0.000656110689563862
"46849","2020/08/19","RS",6963764,108,4,29890,681,2558,4338,0.00429221897812735,1.55088541196973e-05,0.000367330081835054,0.000622938973807843
"46848","2020/08/20","RS",6963764,158,3,30048,684,2440,4166,0.00431490785730246,2.26888791751128e-05,0.000350385222704273,0.000598239687617214
"46847","2020/08/21","RS",6963764,161,5,30209,689,2346,4016,0.0043380275379809,2.31196806784377e-05,0.000336886775600092,0.000576699612450968
"46846","2020/08/22","RS",6963764,169,3,30378,692,2279,3927,0.0043622960226682,2.42684846873042e-05,0.000327265542025835,0.000563919167852328
"46845","2020/08/23","RS",6963764,170,3,30548,695,2286,3810,0.00438670810785661,2.44120851884125e-05,0.000328270745533594,0.000547117909222656
"46844","2020/08/24","RS",6963764,109,3,30657,698,2160,3624,0.00440236056247742,1.56524546208056e-05,0.000310177082393947,0.000520408216016511
"46843","2020/08/25","RS",6963764,57,3,30714,701,1963,3382,0.00441054579104059,8.18522856317359e-06,0.00028188778367561,0.0004856568947483
"46842","2020/08/26","RS",6963764,106,4,30820,705,1822,3212,0.00442576744415807,1.52216531174807e-05,0.000261640113019338,0.000461244809559887
"46841","2020/08/27","RS",6963764,154,2,30974,707,1741,3111,0.00444788192132875,2.21144771706795e-05,0.000250008472429565,0.000446741158947948
"46840","2020/08/28","RS",6963764,125,0,31099,707,1628,3000,0.00446583198396729,1.79500626385386e-05,0.000233781615804327,0.000430801503324926
"46839","2020/08/29","RS",6963764,108,2,31207,709,1525,2945,0.00448134083808699,1.55088541196973e-05,0.000218990764190171,0.000422903475763969
"46838","2020/08/30","RS",6963764,75,1,31282,710,1500,2785,0.00449211087567011,1.07700375831232e-05,0.000215400751662463,0.00039992739558664
"46837","2020/08/31","RS",6963764,83,1,31365,711,1475,2614,0.0045040297172621,1.19188415919896e-05,0.000211810739134755,0.000375371709897119
"46836","2020/09/01","RS",6963764,41,2,31406,713,1358,2408,0.00450991733780754,5.88762054544065e-06,0.000195009480505083,0.000345790006668807
"46835","2020/09/02","RS",6963764,76,2,31482,715,1273,2249,0.00452083097589177,1.09136380842315e-05,0.000182803437910877,0.000322957526992586
"46834","2020/09/03","RS",6963764,99,1,31581,716,1203,2110,0.0045350474255015,1.42164496097226e-05,0.000172751402833295,0.000302997057338531
"46833","2020/09/04","RS",6963764,95,2,31676,718,1128,1994,0.00454868947310679,1.36420476052893e-05,0.000161981365250172,0.000286339399209967
"46832","2020/09/05","RS",6963764,96,3,31772,721,1115,1990,0.00456247512121318,1.37856481063976e-05,0.000160114558735764,0.000285764997205534
"46831","2020/09/06","RS",6963764,77,2,31849,723,1135,1959,0.00457353235979852,1.10572385853398e-05,0.00016298656875793,0.000281313381671177
"46830","2020/09/07","RS",6963764,56,1,31905,724,1085,1857,0.00458157398786059,8.04162806206528e-06,0.000155806543702515,0.000266666130558129
"46829","2020/09/08","RS",6963764,36,1,31941,725,967,1732,0.00458674360590049,5.16961803989911e-06,0.000138861684571734,0.000248716067919591
"46828","2020/09/09","RS",6963764,53,2,31994,727,895,1616,0.00459435443245923,7.61082655874036e-06,0.000128522448491936,0.000232058409791027
"46827","2020/09/10","RS",6963764,84,1,32078,728,871,1530,0.00460641687455233,1.20624420930979e-05,0.000125076036465337,0.000219708766695712
"46826","2020/09/11","RS",6963764,58,1,32136,729,854,1479,0.00461474570361661,8.3288290642819e-06,0.000122634827946496,0.000212385141139189
"46825","2020/09/12","RS",6963764,92,1,32228,730,863,1514,0.00462795694971857,1.32112461019644e-05,0.00012392723245647,0.000217411158677979
"46824","2020/09/13","RS",6963764,72,1,32300,731,894,1480,0.00463829618579837,1.03392360797982e-05,0.000128378847990828,0.000212528741640297
"46823","2020/09/14","RS",6963764,108,2,32408,733,926,1434,0.00465380503991807,1.55088541196973e-05,0.000132974064026294,0.000205923118589315
"46822","2020/09/15","RS",6963764,29,0,32437,733,856,1338,0.00465796945445021,4.16441453214095e-06,0.000122922028948712,0.000192137470482917
"46821","2020/09/16","RS",6963764,74,2,32511,735,835,1304,0.00466859589153222,1.06264370820148e-05,0.000119906418425438,0.000187255053445235
"46820","2020/09/17","RS",6963764,102,1,32613,736,841,1331,0.00468324314264527,1.46472511130475e-05,0.000120768021432088,0.000191132266975159
"46819","2020/09/18","RS",6963764,82,2,32695,738,846,1330,0.00469501838373615,1.17752410908813e-05,0.000121486023937629,0.000190988666474051
"46818","2020/09/19","RS",6963764,62,1,32757,739,852,1351,0.00470392161480487,8.90323106871514e-06,0.000122347626944279,0.000194004276997325
"46817","2020/09/20","RS",6963764,83,1,32840,740,899,1358,0.00471584045639686,1.19188415919896e-05,0.000129096850496369,0.000195009480505083
"46816","2020/09/21","RS",6963764,68,1,32908,741,914,1327,0.00472560529047222,9.76483407536499e-06,0.000131250858012994,0.000190557864970726
"46815","2020/09/22","RS",6963764,30,2,32938,743,860,1262,0.00472991330550547,4.30801503324926e-06,0.000123496430953145,0.000181223832398686
"46814","2020/09/23","RS",6963764,61,0,32999,743,863,1227,0.00473867293607308,8.75963056760683e-06,0.00012392723245647,0.000176197814859895
"46813","2020/09/24","RS",6963764,81,1,33080,744,852,1231,0.00475030457666285,1.1631640589773e-05,0.000122347626944279,0.000176772216864328
"46812","2020/09/25","RS",6963764,83,1,33163,745,863,1258,0.00476222341825484,1.19188415919896e-05,0.00012392723245647,0.000180649430394252
"46811","2020/09/26","RS",6963764,75,1,33238,746,830,1297,0.00477299345583796,1.07700375831232e-05,0.000119188415919896,0.000186249849937476
"46810","2020/09/27","RS",6963764,74,0,33312,746,875,1318,0.00478361989291998,1.06264370820148e-05,0.00012565043846977,0.000189265460460751
"46809","2020/09/28","RS",6963764,72,1,33384,747,873,1306,0.00479395912899978,1.03392360797982e-05,0.000125363237467553,0.000187542254447451
"46808","2020/09/29","RS",6963764,30,1,33414,748,801,1278,0.00479826714403303,4.30801503324926e-06,0.000115024001387755,0.000183521440416418
"46807","2020/09/30","RS",6963764,65,1,33479,749,784,1251,0.00480760117660507,9.33403257204006e-06,0.000112582792868914,0.000179644226886494
"46806","2020/10/01","RS",6963764,72,0,33551,749,794,1251,0.00481794041268486,1.03392360797982e-05,0.000114018797879997,0.000179644226886494
"46805","2020/10/02","RS",6963764,111,1,33662,750,822,1254,0.00483388006830789,1.59396556230223e-05,0.00011803961191103,0.000180075028389819
"46804","2020/10/03","RS",6963764,73,1,33735,751,827,1298,0.00484436290488879,1.04828365809065e-05,0.000118757614416571,0.000186393450438585
"46803","2020/10/04","RS",6963764,107,2,33842,753,904,1331,0.00485972815850738,1.5365253618589e-05,0.000129814853001911,0.000191132266975159
"46802","2020/10/05","RS",6963764,59,1,33901,754,902,1288,0.00486820058807277,8.47242956539021e-06,0.000129527651999694,0.000184957445427502
"46801","2020/10/06","RS",6963764,0,0,33901,754,821,1206,0.00486820058807277,0,0.000117896011409921,0.00017318220433662
"46800","2020/10/07","RS",6963764,171,3,34072,757,909,1315,0.00489275627376229,2.45556856895208e-05,0.000130532855507453,0.000188834658957426
"46799","2020/10/08","RS",6963764,121,1,34193,758,955,1353,0.0049101319343964,1.73756606341053e-05,0.000137138478558435,0.000194291477999542
"46798","2020/10/09","RS",6963764,151,2,34344,760,1032,1436,0.00493181561006375,2.16836756673546e-05,0.000148195717143775,0.000206210319591531
"46797","2020/10/10","RS",6963764,173,1,34517,761,1133,1579,0.00495665849675549,2.48428866917374e-05,0.000162699367755714,0.000226745191250019
"46796","2020/10/11","RS",6963764,168,1,34685,762,1271,1686,0.00498078338094169,2.41248841861959e-05,0.00018251623690866,0.000242110444868608
"46795","2020/10/12","RS",6963764,102,1,34787,763,1308,1707,0.00499543063205473,1.46472511130475e-05,0.000187829455449668,0.000245126055391883
"46794","2020/10/13","RS",6963764,67,2,34854,765,1303,1691,0.00500505186562899,9.62123357425668e-06,0.000187111452944126,0.00024282844737415
"46793","2020/10/14","RS",6963764,152,2,35006,767,1344,1768,0.00502687914179745,2.18272761684629e-05,0.000192999073489567,0.00025388568595949
"46792","2020/10/15","RS",6963764,245,1,35251,768,1516,1939,0.00506206126456899,3.51821227715356e-05,0.000217698359680196,0.00027844137164901
"46791","2020/10/16","RS",6963764,203,2,35454,770,1612,2070,0.00509121216629398,2.91509017249867e-05,0.000231484007786594,0.000297253037294199
"46790","2020/10/17","RS",6963764,265,2,35719,772,1818,2305,0.00512926629908768,3.80541327937018e-05,0.000261065711014905,0.000330999155054651
"46789","2020/10/18","RS",6963764,227,2,35946,774,2045,2467,0.00516186361283926,3.25973137515861e-05,0.000293663024766491,0.000354262436234197
"46788","2020/10/19","RS",6963764,214,2,36160,776,2088,2609,0.00519259412007644,3.07305072371781e-05,0.000299837846314148,0.000374653707391577
"46787","2020/10/20","RS",6963764,122,2,36282,778,2089,2620,0.00521011338121165,1.75192611352137e-05,0.000299981446815257,0.000376233312903769
"46786","2020/10/21","RS",6963764,326,2,36608,780,2264,2873,0.00525692714457296,4.68137633613086e-05,0.000325111534509211,0.000412564239684171
"46785","2020/10/22","RS",6963764,512,0,37120,780,2603,3278,0.00533045060114042,7.3523456567454e-05,0.000373792104384927,0.000470722442633036
"46784","2020/10/23","RS",6963764,416,3,37536,783,2851,3635,0.00539018840960147,5.97378084610564e-05,0.000409405028659788,0.000521987821528702
"46783","2020/10/24","RS",6963764,579,3,38115,786,3328,4214,0.00547333309974318,8.31446901417107e-05,0.000477902467688451,0.000605132511670413
"46782","2020/10/25","RS",6963764,757,3,38872,789,4018,4800,0.00558203867908217,0.00010870557933899,0.000576986813453184,0.000689282405319882
"46781","2020/10/26","RS",6963764,614,3,39486,792,4480,5293,0.00567020938676268,8.81707076805015e-05,0.000643330244965223,0.000760077452366278
"46780","2020/10/27","RS",6963764,341,1,39827,793,4576,5483,0.00571917715764061,4.89677708779333e-05,0.00065711589307162,0.000787361547576856
"46779","2020/10/28","RS",6963764,1053,5,40880,798,5426,6363,0.00587038848530766,0.000151211327667049,0.000779176319013683,0.000913729988552168
"46778","2020/10/29","RS",6963764,1328,5,42208,803,6489,7523,0.00606108995077949,0.000190701465471834,0.000931823651691815,0.00108030656983781
"46777","2020/10/30","RS",6963764,1384,6,43592,809,7646,8805,0.00625983304431339,0.000198743093533899,0.00109796943147413,0.00126440241225866
"46776","2020/10/31","RS",6963764,1545,5,45137,814,8977,10283,0.00648169581852573,0.000221862774212337,0.00128910169844929,0.00147664395289674
"46775","2020/11/01","RS",6963764,1817,6,46954,820,10672,11948,0.00674261792903953,0.000260922110513797,0.00153250454782787,0.00171573878724207
"46774","2020/11/02","RS",6963764,1449,6,48403,826,11795,13152,0.00695069505514546,0.000208077126105939,0.0016937679105725,0.00188863379057648
"46773","2020/11/03","RS",6963764,802,7,49205,833,12085,13751,0.00706586265703433,0.000115167601888864,0.00173541205589391,0.00197465049074035
"46772","2020/11/04","RS",6963764,1878,11,51083,844,13547,15364,0.00733554439811573,0.000269681741081404,0.00194535598851426,0.00220627809902805
"46771","2020/11/05","RS",6963764,2412,6,53495,850,15380,17549,0.00768190880678897,0.000346364408673241,0.00220857570704579,0.00252004519394971
"46770","2020/11/06","RS",6963764,2181,11,55676,861,16804,19516,0.00799510149970619,0.000313192692917221,0.00241306282062402,0.00280250737962975
"46769","2020/11/07","RS",6963764,2282,10,57958,871,18472,21676,0.00832279784323535,0.00032769634352916,0.00265258845647268,0.0031126844620237
"46768","2020/11/08","RS",6963764,2677,9,60635,880,20808,24027,0.0087072163847023,0.000384418541466942,0.00298803922706169,0.00345028924012933
"46767","2020/11/09","RS",6963764,2112,10,62747,890,21867,25627,0.00901050064304304,0.000303284258340748,0.00314011215773539,0.00368005004190263
"46766","2020/11/10","RS",6963764,1318,11,64065,901,21857,26529,0.00919976610350379,0.000189265460460751,0.0031386761527243,0.00380957769390232
"46765","2020/11/11","RS",6963764,2823,14,66888,915,23296,28773,0.00960515031813255,0.000405384214628755,0.00334531727381916,0.00413181721838937
"46764","2020/11/12","RS",6963764,3536,21,70424,936,25287,31552,0.0101129216900515,0.000507771371918979,0.0036312258715258,0.00453088301096936
"46763","2020/11/13","RS",6963764,3341,19,73765,955,26811,34279,0.0105926909642544,0.000479769274202859,0.00385007303521486,0.00492248157749171
"46762","2020/11/14","RS",6963764,3499,17,77264,972,28861,37437,0.0110951491176324,0.000502458153377972,0.0041444540624869,0.00537597195999175
"46761","2020/11/15","RS",6963764,3822,17,81086,989,31881,40206,0.0116439902328683,0.000548841115235956,0.00457812757583399,0.00577360174756066
"46760","2020/11/16","RS",6963764,3482,20,84568,1009,33485,42360,0.0121440071777274,0.000500016944859131,0.00480846277961172,0.00608291722694796
"46759","2020/11/17","RS",6963764,2813,21,87381,1030,33886,43789,0.0125479553873451,0.000403948209617672,0.00486604658055615,0.00628812234303173
"46758","2020/11/18","RS",6963764,4994,24,92375,1054,36699,47238,0.01326509628988,0.000717140902534894,0.00526999479017382,0.00678340047135428
"46757","2020/11/19","RS",6963764,5613,27,97988,1081,40030,51034,0.0140711259026009,0.000806029612720937,0.0057483280593656,0.00732850797356142
"46756","2020/11/20","RS",6963764,6109,29,104097,1110,43462,55694,0.0149483813638716,0.000877255461270658,0.00624116497916931,0.00799768630872614
"46755","2020/11/21","RS",6963764,6254,30,110351,1140,47604,61146,0.015846458897803,0.000898077533931362,0.00683595825475993,0.00878059624076864
"46754","2020/11/22","RS",6963764,5774,28,116125,1168,52060,65042,0.0166756081912023,0.000829149293399374,0.00747584208769855,0.00934006379308661
"46753","2020/11/23","RS",6963764,4995,31,121120,1199,54232,67625,0.0173928926942383,0.000717284503036002,0.0077877423761058,0.00971098388744937
"46752","2020/11/24","RS",6963764,5067,38,126187,1237,55763,70511,0.0181205164333541,0.0007276237391158,0.00800759474330262,0.010125414933648
"46751","2020/11/25","RS",6963764,6842,37,133029,1274,59264,75071,0.0191030310619372,0.000982514628583048,0.0085103400976828,0.0107802332187018
"46750","2020/11/26","RS",6963764,7579,41,140608,1315,63344,79973,0.0201913792598371,0.00108834819789987,0.0090962301422047,0.0114841628751348
"46749","2020/11/27","RS",6963764,7606,51,148214,1366,67128,85467,0.0212836046712669,0.0010922254114298,0.00963961443839854,0.0122731040282238
"46748","2020/11/28","RS",6963764,7780,57,155994,1423,71426,91929,0.0224008165698895,0.00111721189862264,0.0102568093921621,0.0132010504663857
"46747","2020/11/29","RS",6963764,7041,61,163035,1484,75654,96147,0.0234119076981931,0.0010110911283036,0.010863952310848,0.0138067573800606
"46746","2020/11/30","RS",6963764,6179,65,169214,1549,76839,98790,0.0242992151945413,0.000887307496348239,0.0110341189046613,0.0141862935044898
"46745","2020/12/01","RS",6963764,6224,55,175438,1604,77450,101673,0.0251929847134395,0.000893769518898113,0.0111218588108385,0.0146002937491851
"46744","2020/12/02","RS",6963764,7999,48,183437,1652,79340,106173,0.0263416451218048,0.00114866040836536,0.0113932637579332,0.0152464960041725
"46743","2020/12/03","RS",6963764,7919,52,191356,1704,81005,110270,0.0274788174900815,0.0011371723682767,0.0116323585922785,0.0158348272572132
"46742","2020/12/04","RS",6963764,7802,61,199158,1765,83033,114590,0.0285991885997285,0.00112037110964702,0.0119235804085262,0.0164551814220011
