"","date","cases","deaths","cum_cases","cum_deaths","cases_active","p_cases","p_cases_daily","p_cases_active","population"
"1","2020/03/12",1,0,1,0,1,1.21945446436304e-08,1.21945446436304e-08,1.21945446436304e-08,82003882
"2","2020/03/13",1,0,2,0,2,2.43890892872608e-08,1.21945446436304e-08,2.43890892872608e-08,82003882
"3","2020/03/16",16,0,18,0,18,2.19501803585347e-07,1.95112714298087e-07,2.19501803585347e-07,82003882
"4","2020/03/17",29,0,47,0,47,5.73143598250629e-07,3.53641794665282e-07,5.73143598250629e-07,82003882
"5","2020/03/18",51,0,98,0,98,1.19506537507578e-06,6.21921776825151e-07,1.19506537507578e-06,82003882
"6","2020/03/19",93,1,191,1,191,2.32915802693341e-06,1.13409265185763e-06,2.32915802693341e-06,82003882
"7","2020/03/20",168,3,359,4,359,4.37784152706332e-06,2.04868350012991e-06,4.37784152706332e-06,82003882
"8","2020/03/21",311,5,670,9,670,8.17034491123237e-06,3.79250338416906e-06,8.17034491123237e-06,82003882
"9","2020/03/22",277,12,947,21,947,1.1548233777518e-05,3.37788886628562e-06,1.1548233777518e-05,82003882
"10","2020/03/23",289,9,1236,30,1236,1.50724571795272e-05,3.52422340200919e-06,1.50724571795272e-05,82003882
"11","2020/03/24",293,7,1529,37,1529,1.86454587601109e-05,3.57300158058371e-06,1.86454587601109e-05,82003882
"12","2020/03/25",343,7,1872,44,1872,2.28281875728761e-05,4.18272881276523e-06,2.28281875728761e-05,82003882
"13","2020/03/26",561,15,2433,59,2432,2.96693271179528e-05,6.84113954507666e-06,2.96571325733091e-05,82003882
"14","2020/03/27",1196,16,3629,75,3627,4.42540025117348e-05,1.4584675393782e-05,4.42296134224475e-05,82003882
"15","2020/03/28",2069,17,5698,92,5680,6.94845153794061e-05,2.52305128676713e-05,6.92650135758207e-05,82003882
"16","2020/03/29",1704,16,7402,108,7355,9.02640194521523e-05,2.07795040727462e-05,8.96908758539016e-05,82003882
"17","2020/03/30",1815,23,9217,131,9119,0.000112397117980341,2.21330985281892e-05,0.000111202052605266,82003882
"18","2020/03/31",1610,37,10827,168,10636,0.000132030334856586,1.9633216876245e-05,0.000129701176829653,82003882
"19","2020/04/01",2704,46,13531,214,13172,0.000165004383572963,3.29740487163766e-05,0.0001606265420459,82003882
"20","2020/04/02",2148,63,15679,277,15009,0.000191198265467481,2.61938818945181e-05,0.000183027920556249,82003882
"21","2020/04/03",2456,79,18135,356,17188,0.000221148067112237,2.99498016447563e-05,0.000209599833334719,82003882
"22","2020/04/04",2786,69,20921,425,19685,0.000255122068489392,3.39740013771543e-05,0.000240049611309865,82003882
"23","2020/04/05",3013,76,23934,501,22405,0.00029186423150065,3.67421630112584e-05,0.000273218772740539,82003882
"24","2020/04/06",3135,73,27069,574,25197,0.000330094128958432,3.82298974577813e-05,0.000307265941385555,82003882
"25","2020/04/07",3148,75,30217,649,27784,0.00036848255549658,3.83884265381485e-05,0.000338813228378627,82003882
"26","2020/04/08",3892,76,34109,725,30480,0.00041594372324959,4.74611677530095e-05,0.000371689720737855,82003882
"27","2020/04/09",4117,87,38226,812,32528,0.000466148663547416,5.02049402978264e-05,0.00039666414816801,82003882
"28","2020/04/10",4056,96,42282,908,34880,0.000515609736621981,4.94610730745649e-05,0.000425345717169829,82003882
"29","2020/04/11",4747,98,47029,1006,37812,0.000573497240045294,5.78875034233135e-05,0.000461100122064953,82003882
"30","2020/04/12",5138,95,52167,1101,41340,0.000636152810424267,6.2655570378973e-05,0.000504122475567681,82003882
"31","2020/04/13",4789,97,56956,1198,43425,0.000694552484722613,5.8399674298346e-05,0.00052954810114965,82003882
"32","2020/04/14",4093,98,61049,1296,45370,0.000744464755948993,4.99122712263793e-05,0.000553266490481512,82003882
"33","2020/04/15",4062,107,65111,1403,46976,0.000793998996291419,4.95342403424267e-05,0.000572850929179182,82003882
"34","2020/04/16",4281,115,69392,1518,48471,0.000846203841910801,5.22048456193818e-05,0.00059108177342141,82003882
"35","2020/04/17",4801,125,74193,1643,50259,0.000904749850744871,5.85460088340696e-05,0.000612885619244221,82003882
"36","2020/04/18",4353,126,78546,1769,51477,0.000957832703578594,5.30828528337232e-05,0.000627738574620163,82003882
"37","2020/04/19",3783,121,82329,1890,52112,0.00100396466596545,4.61319623868538e-05,0.000635482110468868,82003882
"38","2020/04/20",3977,127,86306,2017,52197,0.00105246237001317,4.84977040477181e-05,0.000636518646763576,82003882
"39","2020/04/21",4674,123,90980,2140,52754,0.00110945967167749,5.69973016643285e-05,0.000643311008130079,82003882
"40","2020/04/22",4611,119,95591,2259,53309,0.00116568871702927,5.62290453517798e-05,0.000650078980407293,82003882
"41","2020/04/23",3083,117,98674,2376,51645,0.00120328449816559,3.75957811363125e-05,0.000629787258120292,82003882
"42","2020/04/24",3116,115,101790,2491,49623,0.00124128269927514,3.79982011095523e-05,0.000605129888850872,82003882
"43","2020/04/25",3122,109,104912,2600,47956,0.00127935406765255,3.80713683774141e-05,0.00058480158292994,82003882
"44","2020/04/26",2861,106,107773,2706,46724,0.00131424265987798,3.48885922254266e-05,0.000569777903928987,82003882
"45","2020/04/27",2357,99,110130,2805,45019,0.00134298520160302,2.87425417250369e-05,0.000548986205311597,82003882
"46","2020/04/28",2131,95,112261,2900,42869,0.00136897177623859,2.59865746355764e-05,0.000522767934327792,82003882
"47","2020/04/29",2392,92,114653,2992,40460,0.00139814112702616,2.91693507875639e-05,0.000493391276281286,82003882
"48","2020/04/30",2936,89,117589,3081,39043,0.00143394431009986,3.58031830736989e-05,0.000476111606521262,82003882
"49","2020/05/01",2615,93,120204,3174,37875,0.00146583304434295,3.18887342430935e-05,0.000461868378377502,82003882
"50","2020/05/02",2188,84,122392,3258,36086,0.00149251470802321,2.66816636802633e-05,0.000440052338010047,82003882
"51","2020/05/03",1983,78,124375,3336,33395,0.00151669649005153,2.41817820283191e-05,0.000407236818374037,82003882
"52","2020/05/04",1670,61,126045,3397,30454,0.00153706137960639,2.03648895548628e-05,0.00037137266257712,82003882
"53","2020/05/05",1614,64,127659,3461,28985,0.00155674337466121,1.96819950548195e-05,0.000353458876495627,82003882
"54","2020/05/06",1832,59,129491,3520,27701,0.00157908378044835,2.23404057871309e-05,0.000337801081173206,82003882
"55","2020/05/07",2253,64,131744,3584,26832,0.00160655808953044,2.74743090820993e-05,0.000327204021877891,82003882
"56","2020/05/08",1977,57,133721,3641,25948,0.0016306667042909,2.41086147604573e-05,0.000316424044412922,82003882
"57","2020/05/09",1848,48,135569,3689,25439,0.00165320222279233,2.2535518501429e-05,0.000310217021189314,82003882
"58","2020/05/10",1546,50,137115,3739,24854,0.00167205498881138,1.88527660190526e-05,0.00030308321257279,82003882
"59","2020/05/11",1542,47,138657,3786,24004,0.00169085897665186,1.88039878404781e-05,0.000292717849625704,82003882
"60","2020/05/12",1114,55,139771,3841,22182,0.00170444369938487,1.35847227330043e-05,0.00027049938928501,82003882
"61","2020/05/13",1704,53,141475,3894,21271,0.00172522320345761,2.07795040727462e-05,0.000259390159114662,82003882
"62","2020/05/14",1639,58,143114,3952,20722,0.00174521006212852,1.99868586709102e-05,0.000252695354105309,82003882
"63","2020/05/15",1635,55,144749,4007,20374,0.00176514814262086,1.99380804923357e-05,0.000248451652569326,82003882
"64","2020/05/16",1708,48,146457,4055,20412,0.00178597642487218,2.08282822513207e-05,0.000248915045265784,82003882
"65","2020/05/17",1610,41,148067,4096,20408,0.00180560964174842,1.9633216876245e-05,0.000248866267087209,82003882
"66","2020/05/18",1368,44,149435,4140,19944,0.00182229177882091,1.66821370724864e-05,0.000243207998372565,82003882
"67","2020/05/19",1158,31,150593,4171,18849,0.00183641306151823,1.4121282697324e-05,0.00022985497198779,82003882
"68","2020/05/20",1022,28,151615,4199,17894,0.00184887588614402,1.24628246257903e-05,0.000218209181853123,82003882
"69","2020/05/21",972,23,152587,4222,17018,0.00186072898353763,1.18530973936088e-05,0.000207526760745302,82003882
"70","2020/05/22",961,27,153548,4249,16433,0.00187244794094016,1.17189574025288e-05,0.000200392952128778,82003882
"71","2020/05/23",952,27,154500,4276,15843,0.0018840571474409,1.16092065007361e-05,0.000193198170789037,82003882
"72","2020/05/24",1186,32,155686,4308,15915,0.00189851987738824,1.44627299473457e-05,0.000194076178003378,82003882
"73","2020/05/25",1141,32,156827,4340,15352,0.00191243385282663,1.39139754383823e-05,0.000187210649369014,82003882
"74","2020/05/26",987,29,157814,4369,14700,0.00192446986838989,1.20360155632632e-05,0.000179259806261367,82003882
"75","2020/05/27",948,28,158762,4397,14013,0.00193603029671205,1.15604283221616e-05,0.000170882154091193,82003882
"76","2020/05/28",1035,34,159797,4431,13340,0.00194865165041821,1.26213537061575e-05,0.00016267522554603,82003882
"77","2020/05/29",1182,30,160979,4461,12912,0.00196306560218698,1.44139517687711e-05,0.000157455960438556,82003882
"78","2020/05/30",1141,28,162120,4489,12685,0.00197697957762536,1.39139754383823e-05,0.000154687798804452,82003882
"79","2020/05/31",983,26,163103,4515,12510,0.00198896681501005,1.19872373846887e-05,0.000152553753491816,82003882
"80","2020/06/01",839,25,163942,4540,12327,0.00199919803796606,1.02312229560059e-05,0.000150322151822032,82003882
"81","2020/06/02",827,23,164769,4563,12182,0.00200928292638634,1.00848884202823e-05,0.000148553942848706,82003882
"82","2020/06/03",786,22,165555,4585,12007,0.00201886783847623,9.5849120898935e-06,0.00014641989753607,82003882
"83","2020/06/04",867,24,166422,4609,11922,0.00202944050868226,1.05726702060276e-05,0.000145383361241362,82003882
"84","2020/06/05",988,21,167410,4630,11724,0.00204148871879017,1.20482101079068e-05,0.000142968841401923,82003882
"85","2020/06/06",930,18,168340,4648,11513,0.00205282964530874,1.13409265185763e-05,0.000140395792482117,82003882
"86","2020/06/07",878,21,169218,4669,11404,0.00206353645550585,1.07068101971075e-05,0.000139066587115961,82003882
"87","2020/06/08",914,23,170132,4692,11370,0.00207468226931013,1.11458138042782e-05,0.000138651972598078,82003882
"88","2020/06/09",989,19,171121,4711,11324,0.00208674267396268,1.20604046525505e-05,0.000138091023544471,82003882
"89","2020/06/10",993,18,172114,4729,11135,0.0020988518567938,1.2109182831125e-05,0.000135786254606825,82003882
"90","2020/06/11",922,17,173036,4746,10916,0.00211009522695523,1.12433701614272e-05,0.00013311564932987,82003882
"91","2020/06/12",987,17,174023,4763,10920,0.00212213124251849,1.20360155632632e-05,0.000133164427508444,82003882
"92","2020/06/13",1195,15,175218,4778,11276,0.00213670372336763,1.45724808491383e-05,0.000137505685401576,82003882
"93","2020/06/14",1459,14,176677,4792,11908,0.00215449556400269,1.77918406350568e-05,0.000145212637616351,82003882
"94","2020/06/15",1562,15,178239,4807,12684,0.00217354344273604,1.90478787333507e-05,0.000154675604259808,82003882
"95","2020/06/16",1592,18,179831,4825,13409,0.0021929571578087,1.94137150726596e-05,0.00016351664912644,82003882
"96","2020/06/17",1467,17,181298,4842,13888,0.00221084655480091,1.78893969922058e-05,0.000169357836010739,82003882
"97","2020/06/18",1429,19,182727,4861,14387,0.00222827255909665,1.74260042957479e-05,0.000175442913787911,82003882
"98","2020/06/19",1304,21,184031,4882,14813,0.00224417424531195,1.59016862152941e-05,0.000180637789806097,82003882
"99","2020/06/20",1214,23,185245,4905,15113,0.00225897842250931,1.48041771973673e-05,0.000184296153199186,82003882
"100","2020/06/21",1248,22,186493,4927,15372,0.00227419721422457,1.52187917152507e-05,0.000187454540261887,82003882
"101","2020/06/22",1192,23,187685,4950,15571,0.00228873311143977,1.45358972152074e-05,0.000189881254645969,82003882
"102","2020/06/23",1212,24,188897,4974,15861,0.00230351289954785,1.47797881080801e-05,0.000193417672592622,82003882
"103","2020/06/24",1268,27,190165,5001,16142,0.00231897558215598,1.54626826081234e-05,0.000196844339637482,82003882
"104","2020/06/25",1492,24,191657,5025,16439,0.00233716984276427,1.81942606082966e-05,0.00020046611939664,82003882
"105","2020/06/26",1458,21,193115,5046,16438,0.00235494948885469,1.77796460904131e-05,0.000200453924851997,82003882
"106","2020/06/27",1396,19,194511,5065,16272,0.00237197307317719,1.7023584322508e-05,0.000198429630441154,82003882
"107","2020/06/28",1372,17,195883,5082,16052,0.00238870398842826,1.67309152510609e-05,0.000195746830619555,82003882
"108","2020/06/29",1356,15,197239,5097,15941,0.00240523979096502,1.65358025367628e-05,0.000194393236164112,82003882
"109","2020/06/30",1374,18,198613,5115,15886,0.00242199509530537,1.67553043403482e-05,0.000193722536208713,82003882
"110","2020/07/01",1293,16,199906,5131,15875,0.00243776264152958,1.57675462242141e-05,0.000193588396217633,82003882
"111","2020/07/02",1192,19,201098,5150,15853,0.00245229853874479,1.45358972152074e-05,0.000193320116235473,82003882
"112","2020/07/03",1186,17,202284,5167,15791,0.00246676126869213,1.44627299473457e-05,0.000192564054467568,82003882
"113","2020/07/04",1172,19,203456,5186,15771,0.00248105327501447,1.42920063223348e-05,0.000192320163574695,82003882
"114","2020/07/05",1154,20,204610,5206,15713,0.00249512577953322,1.40725045187495e-05,0.000191612879985365,82003882
"115","2020/07/06",1148,19,205758,5225,15593,0.00250912511678411,1.39993372508877e-05,0.000190149534628129,82003882
"116","2020/07/07",1086,16,206844,5241,15187,0.00252236839226709,1.32432754829826e-05,0.000185198549502815,82003882
"117","2020/07/08",1053,19,207897,5260,14782,0.00253520924777683,1.28408555097428e-05,0.000180259758922145,82003882
"118","2020/07/09",1041,22,208938,5282,14427,0.00254790376875085,1.26945209740193e-05,0.000175930695573656,82003882
"119","2020/07/10",1024,18,209962,5300,14079,0.00256039098246593,1.24872137150775e-05,0.000171686994037673,82003882
"120","2020/07/11",1003,23,210965,5323,13726,0.00257262211074349,1.22311282775613e-05,0.000167382319778471,82003882
"121","2020/07/12",1016,21,211981,5344,13368,0.00258501176810142,1.23896573579285e-05,0.000163016672796051,82003882
"122","2020/07/13",1012,19,212993,5363,13087,0.00259735264728077,1.2340879179354e-05,0.000159590005751191,82003882
"123","2020/07/14",1008,19,214001,5382,12903,0.00260964474828155,1.22921010007795e-05,0.000157346209536763,82003882
"124","2020/07/15",992,20,214993,5402,12709,0.00262174173656803,1.20969882864814e-05,0.000154980467875899,82003882
"125","2020/07/16",947,17,215940,5419,12484,0.00263328997034555,1.1548233777518e-05,0.000152236695331082,82003882
"126","2020/07/17",933,21,216873,5440,12263,0.00264466748049806,1.13775101525072e-05,0.00014954170096484,82003882
"127","2020/07/18",926,18,217799,5458,12041,0.00265595962883806,1.12921483400018e-05,0.000146834512053954,82003882
"128","2020/07/19",918,17,218717,5475,11873,0.00266715422082091,1.11945919828527e-05,0.000144785828553824,82003882
"129","2020/07/20",924,16,219641,5491,11744,0.00267842198007163,1.12677592507145e-05,0.000143212732294796,82003882
"130","2020/07/21",931,17,220572,5508,11634,0.00268977510113485,1.13531210632199e-05,0.000141871332383996,82003882
"131","2020/07/22",928,18,221500,5526,11538,0.00270109163856414,1.1316537429289e-05,0.000140700656098208,82003882
"132","2020/07/23",902,19,222402,5545,11437,0.00271209111783269,1.09994792685546e-05,0.000139469007089201,82003882
"133","2020/07/24",913,18,223315,5563,11334,0.00272322473709232,1.11336192596346e-05,0.000138212968990907,82003882
"134","2020/07/25",937,17,224252,5580,11259,0.00273465102542341,1.14262883310817e-05,0.000137298378142635,82003882
"135","2020/07/26",921,16,225173,5596,11172,0.00274588220104019,1.12311756167836e-05,0.000136237452758639,82003882
"136","2020/07/27",927,17,226100,5613,11107,0.00275718654392484,1.13043428846454e-05,0.000135444807356803,82003882
"137","2020/07/28",919,17,227019,5630,11079,0.00276839333045233,1.12067865274963e-05,0.000135103360106781,82003882
"138","2020/07/29",963,15,227982,5645,11109,0.00278013667694415,1.17433464918161e-05,0.00013546919644609,82003882
"139","2020/07/30",942,14,228924,5659,11125,0.00279162393799845,1.14872610542998e-05,0.000135664309160388,82003882
"140","2020/07/31",967,15,229891,5674,11174,0.00280341606266884,1.17921246703906e-05,0.000136261841847926,82003882
"141","2020/08/01",982,17,230873,5691,11232,0.00281539110550888,1.19750428400451e-05,0.000136969125437257,82003882
"142","2020/08/02",996,19,231869,5710,11297,0.00282753687197394,1.21457664650559e-05,0.000137761770839093,82003882
"143","2020/08/03",987,18,232856,5728,11356,0.0028395728875372,1.20360155632632e-05,0.000138481248973067,82003882
"144","2020/08/04",995,19,233851,5747,11449,0.00285170645945761,1.21335719204123e-05,0.000139615341624925,82003882
"145","2020/08/05",1083,18,234934,5765,11619,0.00286491315130667,1.32066918490517e-05,0.000141688414214342,82003882
"146","2020/08/06",1178,19,236112,5784,11860,0.00287927832489686,1.43651735901966e-05,0.000144627299473457,82003882
"147","2020/08/07",1153,14,237265,5798,12092,0.00289333863487097,1.40603099741059e-05,0.000147456433830779,82003882
"148","2020/08/08",1185,15,238450,5813,12350,0.00290778917027367,1.4450535402702e-05,0.000150602626348836,82003882
"149","2020/08/09",1172,16,239622,5829,12603,0.00292208117659601,1.42920063223348e-05,0.000153687846143674,82003882
"150","2020/08/10",1182,15,240804,5844,12822,0.00293649512836478,1.44139517687711e-05,0.000156358451420629,82003882
"151","2020/08/11",1193,14,241997,5858,13073,0.00295104322012463,1.45480917598511e-05,0.00015941928212618,82003882
"152","2020/08/12",1183,15,243180,5873,13289,0.00296546936643804,1.44261463134148e-05,0.000162053303769204,82003882
"153","2020/08/13",1212,18,244392,5891,13519,0.00298024915454612,1.47797881080801e-05,0.000164858049037239,82003882
"154","2020/08/14",1243,21,245635,5912,13766,0.00299540697353815,1.51578189920326e-05,0.000167870101564216,82003882
"155","2020/08/15",1226,22,246861,5934,14005,0.00301035748527125,1.49505117330909e-05,0.000170784597734044,82003882
"156","2020/08/16",1256,21,248117,5955,14266,0.00302567383334365,1.53163480723998e-05,0.000173967373886031,82003882
"157","2020/08/17",1192,19,249309,5974,14375,0.00304020973055885,1.45358972152074e-05,0.000175296579252187,82003882
"158","2020/08/18",1233,22,250542,5996,14430,0.00305524560410445,1.50358735455963e-05,0.000175967279207587,82003882
"159","2020/08/19",1263,20,251805,6016,14540,0.00307064731398935,1.54017098849052e-05,0.000177308679118386,82003882
"160","2020/08/20",1303,23,253108,6039,14658,0.00308653680566001,1.58894916706504e-05,0.000178747635386335,82003882
"161","2020/08/21",1412,19,254520,6058,14898,0.00310375550269681,1.72186970368061e-05,0.000181674326100806,82003882
"162","2020/08/22",1203,22,255723,6080,14919,0.0031184255399031,1.46700372062874e-05,0.000181930411538322,82003882
"163","2020/08/23",1309,22,257032,6102,15035,0.00313438819884161,1.59626589385122e-05,0.000183344978716983,82003882
"164","2020/08/24",1217,19,258249,6121,15069,0.00314922895967291,1.48407608312982e-05,0.000183759593234867,82003882
"165","2020/08/25",1443,18,259692,6139,15300,0.00316682568759367,1.75967279207587e-05,0.000186576533047545,82003882
"166","2020/08/26",1502,24,261194,6163,15559,0.0031851418936484,1.83162060547329e-05,0.000189734920110246,82003882
"167","2020/08/27",1313,20,262507,6183,15646,0.00320115333076549,1.60114371170867e-05,0.000190795845494241,82003882
"168","2020/08/28",1491,26,263998,6209,15881,0.00321933539682914,1.81820660636529e-05,0.000193661563485495,82003882
"169","2020/08/29",1517,36,265515,6245,16206,0.00323783452105353,1.84991242243873e-05,0.000197624790494674,82003882
"170","2020/08/30",1549,39,267064,6284,16522,0.00325672387070651,1.88893496529835e-05,0.000201478266602062,82003882
"171","2020/08/31",1482,42,268546,6326,16741,0.00327479618586837,1.80723151618603e-05,0.000204148871879017,82003882
"172","2020/09/01",1587,44,270133,6370,17025,0.00329414892821781,1.93527423494415e-05,0.000207612122557808,82003882
"173","2020/09/02",1572,47,271705,6417,17185,0.0033133187523976,1.9169824179787e-05,0.000209563249700789,82003882
"174","2020/09/03",1596,45,273301,6462,17578,0.00333278124564883,1.94624932512341e-05,0.000214355705745735,82003882
"175","2020/09/04",1642,49,274943,6511,17911,0.00335280468795367,2.00234423048411e-05,0.000218416489112064,82003882
"176","2020/09/05",1612,53,276555,6564,18306,0.00337246229391921,1.96576059655322e-05,0.000223233334246298,82003882
"177","2020/09/06",1673,56,278228,6620,18536,0.003392863767108,2.04014731887937e-05,0.000226038079514333,82003882
"178","2020/09/07",1578,53,279806,6673,18612,0.00341210675855565,1.92429914476488e-05,0.000226964864907249,82003882
"179","2020/09/08",1703,57,281509,6730,19002,0.00343287406808375,2.07673095281026e-05,0.000231720737318265,82003882
"180","2020/09/09",1761,52,283270,6782,19272,0.00345434866120119,2.14745931174331e-05,0.000235013264372045,82003882
"181","2020/09/10",1673,55,284943,6837,19428,0.00347475013438998,2.04014731887937e-05,0.000236915613336452,82003882
"182","2020/09/11",1512,58,286455,6895,19391,0.00349318828589115,1.84381515011692e-05,0.000236464415184637,82003882
"183","2020/09/12",1671,56,288126,6951,19580,0.00351356536999066,2.03770840995064e-05,0.000238769184122283,82003882
"184","2020/09/13",1509,48,289635,6999,19502,0.00353196693785789,1.84015678672383e-05,0.00023781800964008,82003882
"185","2020/09/14",1527,57,291162,7056,19457,0.00355058800752872,1.86210696708236e-05,0.000237269255131117,82003882
"186","2020/09/15",1716,63,292878,7119,19577,0.00357151384613719,2.09258386084698e-05,0.000238732600488353,82003882
"187","2020/09/16",1742,67,294620,7186,19677,0.00359275674290639,2.12428967692042e-05,0.000239952054952716,82003882
"188","2020/09/17",1771,63,296391,7249,19836,0.00361435328147026,2.15965385638695e-05,0.000241890987551053,82003882
"189","2020/09/18",1648,66,298039,7315,19811,0.00363444989104296,2.00966095727029e-05,0.000241586123934962,82003882
"190","2020/09/19",1771,62,299810,7377,20004,0.00365604642960683,2.15965385638695e-05,0.000243939671051183,82003882
"191","2020/09/20",1538,68,301348,7445,19839,0.00367480163926874,1.87552096619036e-05,0.000241927571184984,82003882
"192","2020/09/21",1519,61,302867,7506,19597,0.00369332515258241,1.85235133136746e-05,0.000238976491381225,82003882
"193","2020/09/22",1743,68,304610,7574,19667,0.00371458024389626,2.12550913138478e-05,0.000239830109506279,82003882
"194","2020/09/23",1692,65,306302,7639,19847,0.00373521341343328,2.06331695370226e-05,0.000242025127542133,82003882
"195","2020/09/24",1767,72,308069,7711,19943,0.00375676117381858,2.15477603852949e-05,0.000243195803827921,82003882
"196","2020/09/25",1721,74,309790,7785,20155,0.00377774798515026,2.09868113316879e-05,0.000245781047292371,82003882
"197","2020/09/26",1665,73,311455,7858,20293,0.00379805190198191,2.03039168316446e-05,0.000247463894453192,82003882
"198","2020/09/27",1511,71,312966,7929,20088,0.00381647785893843,1.84259569565255e-05,0.000244964012801248,82003882
"199","2020/09/28",1467,68,314433,7997,19813,0.00383436725593064,1.78893969922058e-05,0.000241610513024249,82003882
"200","2020/09/29",1412,65,315845,8062,19454,0.00385158595296745,1.72186970368061e-05,0.000237232671497186,82003882
"201","2020/09/30",1427,68,317272,8130,19233,0.00386898756817391,1.74016152064606e-05,0.000234537677130944,82003882
"202","2020/10/01",1391,65,318663,8195,18853,0.0038859501797732,1.69626115992899e-05,0.000229903750166364,82003882
"203","2020/10/02",1407,67,320070,8262,18722,0.00390310790408678,1.7157724313588e-05,0.000228306264818048,82003882
"204","2020/10/03",1442,63,321512,8325,18645,0.0039206924374629,1.7584533376115e-05,0.000227367284880489,82003882
"205","2020/10/04",1502,59,323014,8384,18404,0.00393900864351763,1.83162060547329e-05,0.000224428399621374,82003882
"206","2020/10/05",1429,57,324443,8441,18141,0.00395643464781338,1.74260042957479e-05,0.000221221234380099,82003882
"207","2020/10/06",1603,57,326046,8498,17977,0.00397598250287712,1.95478550637395e-05,0.000219221329058544,82003882
"208","2020/10/07",1511,55,327557,8553,17767,0.00399440845983365,1.84259569565255e-05,0.000216660474683381,82003882
"209","2020/10/08",1581,56,329138,8609,17683,0.00401368803491522,1.92795750815797e-05,0.000215636132933316,82003882
"210","2020/10/09",1615,58,330753,8667,17787,0.00403338222451469,1.96941895994631e-05,0.000216904365576254,82003882
"211","2020/10/10",1629,55,332382,8722,17949,0.00405324713773916,1.98649132244739e-05,0.000218879881808522,82003882
"212","2020/10/11",1649,56,334031,8778,18186,0.00407335594185651,2.01088041173465e-05,0.000221769988889063,82003882
"213","2020/10/12",1502,59,335533,8837,18261,0.00409167214791124,1.83162060547329e-05,0.000222684579737335,82003882
"214","2020/10/13",1614,58,337147,8895,18484,0.00411135414296606,1.96819950548195e-05,0.000225403963192864,82003882
"215","2020/10/14",1632,62,338779,8957,18709,0.00413125563982447,1.99014968584048e-05,0.000228147735737681,82003882
"216","2020/10/15",1671,57,340450,9014,18938,0.00415163272392397,2.03770840995064e-05,0.000230940286461073,82003882
