"","date","countrycode","population","cases_daily","deaths","cases_infected","cum_deaths","cases_contagious","cases_active","p_cases_infected","p_cases_daily","p_cases_contagious","p_cases_active"
"50305","2020/03/04","UA",43993643,1,0,1,0,1,1,2.27305567761233e-08,2.27305567761233e-08,2.27305567761233e-08,2.27305567761233e-08
"50304","2020/03/13","UA",43993643,2,0,3,0,3,3,6.81916703283699e-08,4.54611135522466e-08,6.81916703283699e-08,6.81916703283699e-08
"50303","2020/03/16","UA",43993643,0,0,3,0,3,3,6.81916703283699e-08,0,6.81916703283699e-08,6.81916703283699e-08
"50302","2020/03/17","UA",43993643,2,0,5,0,5,5,1.13652783880617e-07,4.54611135522466e-08,1.13652783880617e-07,1.13652783880617e-07
"50301","2020/03/18","UA",43993643,9,0,14,0,14,14,3.18227794865726e-07,2.0457501098511e-07,3.18227794865726e-07,3.18227794865726e-07
"50300","2020/03/19","UA",43993643,5,2,19,2,19,19,4.31880578746343e-07,1.13652783880617e-07,4.31880578746343e-07,4.31880578746343e-07
"50299","2020/03/20","UA",43993643,7,0,26,2,26,26,5.90994476179206e-07,1.59113897432863e-07,5.90994476179206e-07,5.90994476179206e-07
"50298","2020/03/21","UA",43993643,0,1,26,3,26,26,5.90994476179206e-07,0,5.90994476179206e-07,5.90994476179206e-07
"50297","2020/03/22","UA",43993643,15,0,41,3,41,41,9.31952827821056e-07,3.4095835164185e-07,9.31952827821056e-07,9.31952827821056e-07
"50296","2020/03/23","UA",43993643,6,0,47,3,47,47,1.0683361684778e-06,1.3638334065674e-07,1.0683361684778e-06,1.0683361684778e-06
"50295","2020/03/24","UA",43993643,26,0,73,3,73,73,1.659330644657e-06,5.90994476179206e-07,1.659330644657e-06,1.659330644657e-06
"50294","2020/03/25","UA",43993643,11,0,84,3,84,84,1.90936676919436e-06,2.50036124537356e-07,1.90936676919436e-06,1.90936676919436e-06
"50293","2020/03/26","UA",43993643,29,1,113,4,112,113,2.56855291570193e-06,6.59186146507576e-07,2.54582235892581e-06,2.56855291570193e-06
"50292","2020/03/27","UA",43993643,43,1,156,5,153,156,3.54596685707524e-06,9.77413941373302e-07,3.47777518674687e-06,3.54596685707524e-06
"50291","2020/03/28","UA",43993643,62,0,218,5,215,218,4.95526137719488e-06,1.40929452011965e-06,4.88706970686651e-06,4.95526137719488e-06
"50290","2020/03/29","UA",43993643,93,3,311,8,306,311,7.06920315737435e-06,2.11394178017947e-06,6.95555037349373e-06,7.06920315737435e-06
"50289","2020/03/30","UA",43993643,107,1,418,9,404,418,9.50137273241955e-06,2.43216957504519e-06,9.18314493755382e-06,9.50137273241955e-06
"50288","2020/03/31","UA",43993643,62,2,480,11,461,480,1.09106672525392e-05,1.40929452011965e-06,1.04787866737928e-05,1.09106672525392e-05
"50287","2020/04/01","UA",43993643,69,2,549,13,523,548,1.24790756700917e-05,1.56840841755251e-06,1.18880811939125e-05,1.24563451133156e-05
"50286","2020/04/02","UA",43993643,245,7,794,20,768,791,1.80480620802419e-05,5.56898641015021e-06,1.74570676040627e-05,1.79798704099135e-05
"50285","2020/04/03","UA",43993643,103,2,897,22,856,894,2.03893094281826e-05,2.3412473479407e-06,1.94573566003616e-05,2.03211177578542e-05
"50284","2020/04/04","UA",43993643,175,5,1072,27,1025,1067,2.43671568640042e-05,3.97784743582158e-06,2.32988206955264e-05,2.42535040801236e-05
"50283","2020/04/05","UA",43993643,153,5,1225,32,1152,1211,2.78449320507511e-05,3.47777518674687e-06,2.61856014060941e-05,2.75267042558853e-05
"50282","2020/04/06","UA",43993643,83,5,1308,37,1224,1289,2.97315682631693e-05,1.88663621241824e-06,2.78222014939749e-05,2.9299687684423e-05
"50281","2020/04/07","UA",43993643,11,1,1319,38,1206,1293,2.99816043877067e-05,2.50036124537356e-07,2.74130514720047e-05,2.93906099115274e-05
"50280","2020/04/08","UA",43993643,143,7,1462,45,1306,1436,3.32320740066923e-05,3.25046961898563e-06,2.9686107149617e-05,3.26410795305131e-05
"50279","2020/04/09","UA",43993643,206,7,1668,52,1450,1627,3.79145687025737e-05,4.6824946958814e-06,3.29593073253788e-05,3.69826158747526e-05
"50278","2020/04/10","UA",43993643,224,5,1892,57,1581,1845,4.30062134204253e-05,5.09164471785162e-06,3.5937010263051e-05,4.19378772519475e-05
"50277","2020/04/11","UA",43993643,311,12,2203,69,1785,2130,5.00754165777997e-05,7.06920315737435e-06,4.05740438453801e-05,4.84160859331427e-05
"50276","2020/04/12","UA",43993643,308,4,2511,73,2031,2427,5.70764280648456e-05,7.00101148704598e-06,4.61657608123064e-05,5.51670612956513e-05
"50275","2020/04/13","UA",43993643,266,10,2777,83,2228,2664,6.31227561672944e-05,6.0463281024488e-06,5.06436804972027e-05,6.05542032515925e-05
"50274","2020/04/14","UA",43993643,325,10,3102,93,2308,2946,7.05101871195345e-05,7.38743095224008e-06,5.24621250392926e-05,6.69642202624593e-05
"50273","2020/04/15","UA",43993643,270,5,3372,98,2475,3154,7.66474374490878e-05,6.13725032955329e-06,5.62581280209052e-05,7.16921760718929e-05
"50272","2020/04/16","UA",43993643,392,10,3764,108,2692,3453,8.55578157053281e-05,8.91037825624034e-06,6.1190658841324e-05,7.84886125479538e-05
"50271","2020/04/17","UA",43993643,397,8,4161,116,2936,3743,9.45818467454491e-05,9.02403104012096e-06,6.67369146946981e-05,8.50804740130296e-05
"50270","2020/04/18","UA",43993643,301,9,4462,125,3154,3982,0.000101423744335062,6.84189758961312e-06,7.16921760718929e-05,9.0513077082523e-05
"50269","2020/04/19","UA",43993643,644,8,5106,133,3787,4557,0.000116062222898886,1.46384785638234e-05,8.6080618511179e-05,0.000103583147228794
"50268","2020/04/20","UA",43993643,343,8,5449,141,3987,4655,0.000123858803873096,7.7965809742103e-06,9.06267298664037e-05,0.000105810741792854
"50267","2020/04/21","UA",43993643,261,10,5710,151,4042,4813,0.000129791479191664,5.93267531856819e-06,9.18769104890904e-05,0.000109402169763482
"50266","2020/04/22","UA",43993643,415,10,6125,161,4233,5053,0.000139224660253755,9.43318106209118e-06,9.621844683333e-05,0.000114857503389751
"50265","2020/04/23","UA",43993643,467,13,6592,174,4389,5367,0.000149839830268205,1.06151700144496e-05,9.97644136904052e-05,0.000121994898217454
"50264","2020/04/24","UA",43993643,578,13,7170,187,4659,5862,0.000162978092084804,1.31382618165993e-05,0.000105901664019959,0.000133246523821635
"50263","2020/04/25","UA",43993643,477,6,7647,193,4870,6328,0.000173820567667015,1.08424755822108e-05,0.000110697811499721,0.000143838963279308
"50262","2020/04/26","UA",43993643,478,8,8125,201,5023,6663,0.000184685773806002,1.08652061389869e-05,0.000114175586686467,0.00015145369979931
"50261","2020/04/27","UA",43993643,492,8,8617,209,5245,6949,0.000195869207739855,1.11834339338527e-05,0.000119221770290767,0.000157954639037281
"50260","2020/04/28","UA",43993643,392,11,9009,220,5245,7117,0.000204779585996095,8.91037825624034e-06,0.000119221770290767,0.00016177337257567
"50259","2020/04/29","UA",43993643,401,19,9410,239,5249,7207,0.00021389453926332,9.11495326722545e-06,0.000119312692517871,0.000163819122685521
"50258","2020/04/30","UA",43993643,456,11,9866,250,5404,7355,0.000224259673153233,1.03651338899122e-05,0.00012283592881817,0.000167183245088387
"50257","2020/05/01","UA",43993643,540,11,10406,261,5300,7629,0.000236534173812339,1.22745006591066e-05,0.000120471950913454,0.000173411417645045
"50256","2020/05/02","UA",43993643,455,11,10861,272,5412,7759,0.000246876577145475,1.03424033331361e-05,0.000123017773272379,0.000176366390025941
"50255","2020/05/03","UA",43993643,550,7,11411,279,5701,8039,0.000259378383372343,1.25018062268678e-05,0.000129586904180679,0.000182730945923255
"50254","2020/05/04","UA",43993643,502,9,11913,288,5788,8149,0.000270789122873957,1.14107395016139e-05,0.000131564462620202,0.000185231307168629
"50253","2020/05/05","UA",43993643,418,15,12331,303,5739,8170,0.000280290495606377,9.50137273241955e-06,0.000130450665338172,0.000185708648860927
"50252","2020/05/06","UA",43993643,366,13,12697,316,5527,8235,0.000288609879386438,8.31938378006113e-06,0.000125631787301634,0.000187186135051375
"50251","2020/05/07","UA",43993643,487,11,13184,327,5537,8078,0.00029967966053641,1.10697811499721e-05,0.000125859092869395,0.000183617437637524
"50250","2020/05/08","UA",43993643,507,13,13691,340,5566,8242,0.000311204052821904,1.15243922854945e-05,0.000126518279015902,0.000187345248948808
"50249","2020/05/09","UA",43993643,504,21,14195,361,5578,8485,0.00032266025343707,1.14562006151662e-05,0.000126791045697216,0.000192868774245406
"50248","2020/05/10","UA",43993643,515,15,14710,376,5701,8585,0.000334366490176774,1.17062367397035e-05,0.000129586904180679,0.000195141829923019
"50247","2020/05/11","UA",43993643,522,15,15232,391,5822,8640,0.00034623184081391,1.18653506371364e-05,0.00013233730155059,0.000196392010545705
"50246","2020/05/12","UA",43993643,416,17,15648,408,5782,8478,0.000355687752432778,9.4559116188673e-06,0.000131428079279545,0.000192709660347973
"50245","2020/05/13","UA",43993643,375,17,16023,425,5617,8376,0.000364211711223824,8.52395879104624e-06,0.000127677537411485,0.000190391143556809
"50244","2020/05/14","UA",43993643,402,14,16425,439,5564,8300,0.000373349395047825,9.13768382400157e-06,0.00012647281790235,0.000188663621241823
"50243","2020/05/15","UA",43993643,422,17,16847,456,5436,8230,0.000382941690007349,9.59229495952404e-06,0.000123563306635006,0.000187072482267495
"50242","2020/05/16","UA",43993643,483,20,17330,476,5417,8321,0.000393920548930217,1.09788589228676e-05,0.00012313142605626,0.000189140962934122
"50241","2020/05/17","UA",43993643,528,21,17858,497,5527,8448,0.00040592228290801,1.20017339777931e-05,0.000125631787301634,0.00019202774364469
"50240","2020/05/18","UA",43993643,433,17,18291,514,5594,8425,0.000415764613992072,9.84233108406139e-06,0.000127154734605634,0.000191504940838839
"50239","2020/05/19","UA",43993643,325,21,18616,535,5432,8210,0.000423152044944312,7.38743095224008e-06,0.000123472384407902,0.000186617871131972
"50238","2020/05/20","UA",43993643,260,13,18876,548,5185,8015,0.000429061989706104,5.90994476179206e-06,0.000117857936884199,0.000182185412560628
"50237","2020/05/21","UA",43993643,354,16,19230,564,5035,7819,0.000437108606804851,8.04661709874765e-06,0.000114448353367781,0.000177730223432508
"50236","2020/05/22","UA",43993643,476,15,19706,579,4996,7793,0.000447928351830286,1.08197450254347e-05,0.000113561861653512,0.000177139228956329
"50235","2020/05/23","UA",43993643,442,9,20148,588,4916,7817,0.000457975257925333,1.00469060950465e-05,0.000111743417111422,0.000177684762318956
"50234","2020/05/24","UA",43993643,432,17,20580,605,4932,7883,0.000467794858452618,9.81960052728527e-06,0.00011210710601984,0.00017918497906618
"50233","2020/05/25","UA",43993643,406,12,20986,617,4963,7802,0.000477023464503724,9.22860605110606e-06,0.0001128117532799,0.000177343803967314
"50232","2020/05/26","UA",43993643,259,6,21245,623,4820,7554,0.00048291067870874,5.88721420501594e-06,0.000109561283660914,0.000171706625886836
"50231","2020/05/27","UA",43993643,339,21,21584,644,4737,7389,0.000490616337455846,7.7056587471058e-06,0.000107674647448496,0.000167956084018775
"50230","2020/05/28","UA",43993643,321,14,21905,658,4575,7195,0.000497912846180981,7.29650872513558e-06,0.000103992297250764,0.000163546356004207
"50229","2020/05/29","UA",43993643,477,11,22382,669,4524,7150,0.000508755321763192,1.08424755822108e-05,0.000102833038855182,0.000162523480949282
"50228","2020/05/30","UA",43993643,429,10,22811,679,4520,7163,0.000518506730620149,9.7514088569569e-06,0.000102742116628077,0.000162818978187371
"50227","2020/05/31","UA",43993643,393,17,23204,696,4588,7181,0.000527439839433165,8.93310881301646e-06,0.000104287794488854,0.000163228128209342
"50226","2020/06/01","UA",43993643,468,12,23672,708,4796,7247,0.000538077740004391,1.06379005712257e-05,0.000109015750298287,0.000164728344956566
"50225","2020/06/02","UA",43993643,340,10,24012,718,4782,7165,0.000545806129308273,7.72838930388193e-06,0.000108697522503422,0.000162864439300924
"50224","2020/06/03","UA",43993643,328,9,24340,727,4634,7010,0.000553261751930841,7.45562262256845e-06,0.000105333400100555,0.000159341203000624
"50223","2020/06/04","UA",43993643,483,8,24823,735,4675,6965,0.000564240610853709,1.09788589228676e-05,0.000106265352928376,0.000158318327945699
"50222","2020/06/05","UA",43993643,588,12,25411,747,4831,7120,0.00057760617823807,1.33655673843605e-05,0.000109811319785452,0.000161841564245998
"50221","2020/06/06","UA",43993643,553,15,25964,762,4978,7348,0.000590176176135266,1.25699978971962e-05,0.000113152711631542,0.000167024131190954
"50220","2020/06/07","UA",43993643,550,15,26514,777,5269,7638,0.000602677982362134,1.25018062268678e-05,0.000119767303653394,0.00017361599265603
"50219","2020/06/08","UA",43993643,485,11,26999,788,5415,7769,0.000613702302398553,1.10243200364198e-05,0.000123085964942708,0.000176593695593702
"50218","2020/06/09","UA",43993643,463,9,27462,797,5557,7756,0.000624226550185898,1.05242477873451e-05,0.000126313704004917,0.000176298198355612
"50217","2020/06/10","UA",43993643,394,13,27856,810,5474,7708,0.000633182389555691,8.95583936979259e-06,0.000124427067792499,0.000175207131630359
"50216","2020/06/11","UA",43993643,525,23,28381,833,5570,7801,0.000645115931863156,1.19335423074647e-05,0.000126609201243007,0.000177321073410538
"50215","2020/06/12","UA",43993643,689,21,29070,854,5866,8084,0.000660777285481905,1.5661353618749e-05,0.000133337446048739,0.000183753820978181
"50214","2020/06/13","UA",43993643,683,16,29753,870,6081,8508,0.000676302255759997,1.55249702780922e-05,0.000138224515755606,0.000193391577051257
"50213","2020/06/14","UA",43993643,753,10,30506,880,6494,8922,0.000693418365012418,1.71161092524209e-05,0.000147612235704145,0.000202802027556572
"50212","2020/06/15","UA",43993643,648,9,31154,889,6814,9249,0.000708147765803346,1.47294007909279e-05,0.000154886013872504,0.000210234919622365
"50211","2020/06/16","UA",43993643,656,12,31810,901,6987,9428,0.000723059011048483,1.49112452451369e-05,0.000158818400194774,0.000214303689285291
"50210","2020/06/17","UA",43993643,666,11,32476,912,7065,9665,0.000738197561861381,1.51385508128981e-05,0.000160591383623311,0.000219690831241232
"50209","2020/06/18","UA",43993643,758,31,33234,943,7270,10030,0.000755427323897682,1.72297620363015e-05,0.000165251147762416,0.000227987484464517
"50208","2020/06/19","UA",43993643,829,23,34063,966,7549,10391,0.000774270955465088,1.88436315674062e-05,0.000171592973102955,0.000236193215460697
"50207","2020/06/20","UA",43993643,921,19,34984,985,7985,10972,0.000795205798255898,2.09348427908096e-05,0.000181503495857345,0.000249399668947625
"50206","2020/06/21","UA",43993643,841,9,35825,994,8363,11485,0.000814322196504618,1.91163982487197e-05,0.000190095646318719,0.000261060444573776
"50205","2020/06/22","UA",43993643,735,8,36560,1002,8704,11737,0.000831029155735068,1.67069592304506e-05,0.000197846766179377,0.000266788544881359
"50204","2020/06/23","UA",43993643,681,10,37241,1012,8860,11830,0.000846508664899608,1.547950916454e-05,0.000201392733036453,0.000268902486661539
"50203","2020/06/24","UA",43993643,833,23,38074,1035,9004,12110,0.000865443218694119,1.89345537945107e-05,0.000204665933212214,0.000275267042558853
"50202","2020/06/25","UA",43993643,940,16,39014,1051,9261,12500,0.000886809942063675,2.13667233695559e-05,0.000210507686303678,0.000284131959701541
"50201","2020/06/26","UA",43993643,994,16,40008,1067,9502,13009,0.000909404115499142,2.25941734354666e-05,0.000215985750486724,0.000295701813100588
"50200","2020/06/27","UA",43993643,1109,19,41117,1086,9963,13655,0.000934612302963862,2.52081874647208e-05,0.000226464537160517,0.000310385752777964
"50199","2020/06/28","UA",43993643,948,24,42065,1110,10255,14209,0.000956160870787627,2.15485678237649e-05,0.000233101859739145,0.000322978481231936
"50198","2020/06/29","UA",43993643,917,19,42982,1129,10506,14601,0.000977004791351332,2.08439205637051e-05,0.000238807229489952,0.000331888859488177
"50197","2020/06/30","UA",43993643,646,18,43628,1147,10394,14558,0.000991688731028708,1.46839396773757e-05,0.000236261407131026,0.000330911445546803
"50196","2020/07/01","UA",43993643,706,12,44334,1159,10271,14581,0.00100773650411265,1.60477730839431e-05,0.000233465548647563,0.000331434248352654
"50195","2020/07/02","UA",43993643,664,14,44998,1173,10014,14492,0.001022829593812,1.50930896993459e-05,0.000227623795556099,0.000329411228799579
"50194","2020/07/03","UA",43993643,889,12,45887,1185,10062,14733,0.00104303705878597,2.02074649739736e-05,0.000228714862281353,0.000334889292982625
"50193","2020/07/04","UA",43993643,876,27,46763,1212,10203,14953,0.00106294902652185,1.9911967735884e-05,0.000231919870786786,0.000339890015473372
"50192","2020/07/05","UA",43993643,914,15,47677,1227,10436,15201,0.00108372475541523,2.07757288933767e-05,0.000237216090515623,0.000345527193553851
"50191","2020/07/06","UA",43993643,823,22,48500,1249,10426,15266,0.00110243200364198,1.87072482267495e-05,0.000236988784947862,0.000347004679744298
"50190","2020/07/07","UA",43993643,543,13,49043,1262,10029,14980,0.00111477469597142,1.2342692329435e-05,0.000227964753907741,0.000340503740506327
"50189","2020/07/08","UA",43993643,564,21,49607,1283,9599,14623,0.00112759472999315,1.28200340217335e-05,0.000218190614494008,0.000332388931737251
"50188","2020/07/09","UA",43993643,807,23,50414,1306,9297,14589,0.00114593828931148,1.83435593183315e-05,0.000211325986347618,0.000331616092806863
"50187","2020/07/10","UA",43993643,810,21,51224,1327,9159,14664,0.00116435004030014,1.84117509886599e-05,0.000208189169512513,0.000333320884565072
"50186","2020/07/11","UA",43993643,819,18,52043,1345,9061,14802,0.00118296636629979,1.8616325999645e-05,0.000205961574948453,0.000336457701400177
"50185","2020/07/12","UA",43993643,800,27,52843,1372,9215,14769,0.00120115081172068,1.81844454208987e-05,0.000209462080691976,0.000335707593026565
"50184","2020/07/13","UA",43993643,678,11,53521,1383,9187,14507,0.0012165621292149,1.54113174942116e-05,0.000208825625102245,0.000329752187151221
"50183","2020/07/14","UA",43993643,612,15,54133,1398,9135,14125,0.00123047322996188,1.39111007469875e-05,0.000207643636149886,0.000321069114462742
"50182","2020/07/15","UA",43993643,638,14,54771,1412,8884,13654,0.00124497532518505,1.45020952231667e-05,0.00020193826639908,0.000310363022221188
"50181","2020/07/16","UA",43993643,836,15,55607,1427,8844,13542,0.00126397807064989,1.90027454648391e-05,0.000201029044128035,0.000307817199862262
"50180","2020/07/17","UA",43993643,848,18,56455,1445,8778,13473,0.00128325358279604,1.92755121461526e-05,0.00019952882738081,0.000306248791444709
"50179","2020/07/18","UA",43993643,809,11,57264,1456,8764,13636,0.00130164260322793,1.83890204318838e-05,0.000199210599585945,0.000309953872199217
"50178","2020/07/19","UA",43993643,847,21,58111,1477,9068,13777,0.0013208953848173,1.92527815893764e-05,0.000206120688845886,0.000313158880704651
"50177","2020/07/20","UA",43993643,731,8,58842,1485,9235,13844,0.00133751142182065,1.66160370033461e-05,0.000209916691827499,0.000314681828008651
"50176","2020/07/21","UA",43993643,651,13,59493,1498,9079,13606,0.0013523090142819,1.47975924612563e-05,0.000206370724970424,0.000309271955495934
"50175","2020/07/22","UA",43993643,673,20,60166,1518,8942,13403,0.00136760667899224,1.5297664710331e-05,0.000203256638692095,0.000304657652470381
"50174","2020/07/23","UA",43993643,829,16,60995,1534,8952,13318,0.00138645031055964,1.88436315674062e-05,0.000203483944259856,0.00030272555514441
"50173","2020/07/24","UA",43993643,856,17,61851,1551,9008,13351,0.00140590766716,1.94573566003616e-05,0.000204756855439319,0.000303475663518022
"50172","2020/07/25","UA",43993643,972,20,62823,1571,9302,13780,0.00142800176834639,2.20941011863919e-05,0.000211439639131499,0.000313227072374979
"50171","2020/07/26","UA",43993643,1106,19,63929,1590,9796,14322,0.00145314176414079,2.51399957943924e-05,0.000222668534178904,0.000325547034147638
"50170","2020/07/27","UA",43993643,920,15,64849,1605,10078,14435,0.00147405387637482,2.09121122340335e-05,0.000229078551189771,0.00032811558706334
"50169","2020/07/28","UA",43993643,807,11,65656,1616,10049,14432,0.00149239743569315,1.83435593183315e-05,0.000228419365043263,0.000328047395393012
"50168","2020/07/29","UA",43993643,919,13,66575,1629,10120,14532,0.00151328681737041,2.08893816772573e-05,0.000230033234574368,0.000330320451070624
"50167","2020/07/30","UA",43993643,1022,21,67597,1650,10333,14754,0.00153651744639561,2.3230629025198e-05,0.000234874843167682,0.000335366634674923
"50166","2020/07/31","UA",43993643,1197,23,68794,1673,10683,15273,0.00156372592285663,2.72084764610196e-05,0.000242830538039325,0.000347163793641731
"50165","2020/08/01","UA",43993643,1090,20,69884,1693,11042,15751,0.0015885022297426,2.47763068859744e-05,0.000250990807921954,0.000358028999780718
"50164","2020/08/02","UA",43993643,1172,16,71056,1709,11563,16285,0.00161514244228422,2.66402125416165e-05,0.000262833428002314,0.000370167117099168
"50163","2020/08/03","UA",43993643,1112,16,72168,1725,12002,16561,0.00164041882141927,2.52763791350491e-05,0.000272812142427032,0.000376440750769378
"50162","2020/08/04","UA",43993643,990,13,73158,1738,12163,16703,0.00166292207262763,2.25032512083621e-05,0.000276471762067988,0.000379668489831588
"50161","2020/08/05","UA",43993643,1061,26,74219,1764,12368,16955,0.0016870391933671,2.41171207394668e-05,0.000281131526207093,0.000385396590139171
"50160","2020/08/06","UA",43993643,1271,24,75490,1788,12667,17379,0.00171592973102955,2.88905376624527e-05,0.000287927962683154,0.000395034346212247
"50159","2020/08/07","UA",43993643,1318,31,76808,1819,12879,17966,0.00174588860486048,2.99588738309305e-05,0.000292746840719692,0.000408377183039831
"50158","2020/08/08","UA",43993643,1453,33,78261,1852,13412,18768,0.00177891610385619,3.30274989957072e-05,0.000304862227481366,0.000426607089574282
"50157","2020/08/09","UA",43993643,1489,27,79750,1879,14094,19584,0.00181276190289583,3.38457990396476e-05,0.000320364467202682,0.000445155223903599
"50156","2020/08/10","UA",43993643,2207,43,81957,1922,15382,20962,0.00186292824170074,5.01663388049042e-05,0.000349641424330329,0.000476477931141097
"50155","2020/08/11","UA",43993643,1158,29,83115,1951,15518,21264,0.00188925022644749,2.63219847467508e-05,0.000352732780051882,0.000483342559287486
"50154","2020/08/12","UA",43993643,1433,19,84548,1970,15754,21725,0.00192182311430767,3.25728878601847e-05,0.000358097191451047,0.000493821345961279
"50153","2020/08/13","UA",43993643,1592,22,86140,1992,16256,22211,0.00195801016069526,3.61870463875883e-05,0.000369507930952661,0.000504868396554475
"50152","2020/08/14","UA",43993643,1732,19,87872,2011,16816,23023,0.00199737948503151,3.93693243362456e-05,0.00038223704274729,0.000523325608656687
"50151","2020/08/15","UA",43993643,0,0,87872,2011,15704,22216,0.00199737948503151,0,0.000356960663612241,0.000504982049338356
"50150","2020/08/16","UA",43993643,1847,33,89719,2044,16561,23144,0.00203936282339701,4.19833383654998e-05,0.000376440750769378,0.000526076006026598
"50149","2020/08/17","UA",43993643,3101,45,92820,2089,18601,25223,0.00210985027995977,7.04874565627584e-05,0.00042281108659267,0.000573332833564158
"50148","2020/08/18","UA",43993643,1616,27,94436,2116,18946,25642,0.00214658285970998,3.67325797502153e-05,0.000430653128680432,0.000582856936853354
"50147","2020/08/19","UA",43993643,0,0,94436,2116,17628,24552,0.00214658285970998,0,0.000400694254849502,0.00055808062996738
"50146","2020/08/20","UA",43993643,1967,28,96403,2144,18142,25347,0.00219129386488862,4.47110051786346e-05,0.000412377761032429,0.000576151422604398
"50145","2020/08/21","UA",43993643,2134,40,98537,2184,18787,26369,0.00223980087304886,4.85070081602472e-05,0.000427038970153029,0.000599382051629596
"50144","2020/08/22","UA",43993643,2106,23,100643,2207,18686,27485,0.00228767142561938,4.78705525705157e-05,0.00042474318391864,0.000624749352991749
"50143","2020/08/23","UA",43993643,2328,37,102971,2244,19856,28752,0.00234058816179419,5.29167361748151e-05,0.000451337935346705,0.000653548968427098
"50142","2020/08/24","UA",43993643,1987,27,104958,2271,20410,29468,0.00238575377810835,4.5165616314157e-05,0.000463930663800677,0.000669824047078802
"50141","2020/08/25","UA",43993643,1796,22,106754,2293,20614,29946,0.00242657785807827,4.08240799699175e-05,0.000468567697383006,0.000680689253217789
"50140","2020/08/26","UA",43993643,3331,25,110085,2318,22213,31824,0.00250229334269954,7.57154846212668e-05,0.000504913857668027,0.000723377238843348
"50139","2020/08/27","UA",43993643,1974,85,112059,2403,24187,32309,0.0025471634617756,4.48701190760674e-05,0.000549783976744095,0.000734401558879768
"50138","2020/08/28","UA",43993643,0,0,112059,2403,22340,30102,0.0025471634617756,0,0.000507800638378595,0.000684235220074864
"50137","2020/08/29","UA",43993643,2438,35,114497,2438,21677,31382,0.00260258055919579,5.54170974201886e-05,0.000492730279236025,0.000713330332748302
"50136","2020/08/30","UA",43993643,2481,54,116978,2492,22542,32430,0.00265897507055735,5.63945113615619e-05,0.000512392210847372,0.000737151956249679
"50135","2020/08/31","UA",43993643,2096,35,119074,2527,24638,32934,0.00270661831756011,4.76432470027545e-05,0.000560035457850126,0.000748608156864845
"50134","2020/09/01","UA",43993643,2141,30,121215,2557,24812,33343,0.00275528443961779,4.866612205768e-05,0.000563990574729172,0.00075790495458628
"50133","2020/09/02","UA",43993643,2088,48,123303,2605,24766,35431,0.00280274584216633,4.74614025485455e-05,0.00056294496911747,0.000805366357134825
"50132","2020/09/03","UA",43993643,2486,51,125789,2656,25146,36070,0.00285925400631178,5.65081641454426e-05,0.000571582580692397,0.000819891182914768
"50131","2020/09/04","UA",43993643,2439,54,128228,2710,25257,35408,0.00291469383428874,5.54398279769648e-05,0.000574105672494547,0.000804843554328974
"50130","2020/09/05","UA",43993643,2723,13,130951,2723,25993,36515,0.00297658914039012,6.18953061013838e-05,0.000590835362281773,0.000830006280680143
"50129","2020/09/06","UA",43993643,2836,88,133787,2811,27033,39351,0.00304105299940721,6.44638590170857e-05,0.000614475141328942,0.000894470139697229
"50128","2020/09/07","UA",43993643,2107,0,135894,2811,25809,39491,0.0030889462825345,4.78932831272918e-05,0.000586652939834967,0.000897652417645886
"50127","2020/09/08","UA",43993643,2174,66,138068,2877,26009,39531,0.00313836251296579,4.94162304312921e-05,0.000591199051190191,0.000898561639916931
"50126","2020/09/09","UA",43993643,4962,102,143030,2979,30971,42387,0.00325115153568892,0.000112789022723124,0.000703988073913315,0.000963480110069539
"50125","2020/09/10","UA",43993643,2582,0,145612,2979,31115,42641,0.00330984183328487,5.86902975959504e-05,0.000707261274089077,0.000969253671490674
"50124","2020/09/11","UA",43993643,3144,97,148756,3076,31778,43798,0.003381306703789,7.14648705041317e-05,0.000722331633231647,0.000995552925680649
"50123","2020/09/12","UA",43993643,0,0,148756,3076,29682,42002,0.003381306703789,0,0.000674688386228892,0.000954728845710731
"50122","2020/09/13","UA",43993643,3103,27,151859,3103,30644,41774,0.00345183962146531,7.05329176763106e-05,0.000696555181847523,0.000949546278765775
"50121","2020/09/14","UA",43993643,2476,75,154335,3178,31032,42276,0.00350812048004299,5.62808585776813e-05,0.000705374637876659,0.000960957018267389
"50120","2020/09/15","UA",43993643,2462,33,156797,3211,31008,44738,0.00356408311082581,5.59626307828156e-05,0.000704829104514032,0.0010169196490502
"50119","2020/09/16","UA",43993643,5863,129,162660,3340,34432,48163,0.00369735236520422,0.000133269254378411,0.000782658530915478,0.00109477180600843
"50118","2020/09/17","UA",43993643,0,0,162660,3340,31709,45682,0.00369735236520422,0,0.000720763224814094,0.00103837729464687
"50117","2020/09/18","UA",43993643,3584,60,166244,3400,32457,47170,0.00377881868068984,8.1466315485626e-05,0.000737765681282634,0.00107220036312974
"50116","2020/09/19","UA",43993643,3228,68,169472,3468,33578,48257,0.00385219291796317,7.33742372733261e-05,0.000763246635428669,0.00109690847834538
"50115","2020/09/20","UA",43993643,3240,48,172712,3516,34644,49409,0.00392583992191781,7.36470039546395e-05,0.000787477408952016,0.00112309407975148
"50114","2020/09/21","UA",43993643,2966,41,175678,3557,32648,49889,0.00399325875331579,6.74188313979817e-05,0.000742107217626874,0.00113400474700402
"50113","2020/09/22","UA",43993643,2675,26,178353,3583,32741,50125,0.00405406299269192,6.08042393761299e-05,0.000744221159407053,0.00113936915840318
"50112","2020/09/23","UA",43993643,2884,59,181237,3642,32481,50286,0.00411961791843426,6.55549257423396e-05,0.000738311214645261,0.00114302877804414
"50111","2020/09/24","UA",43993643,3497,63,184734,3705,35978,50947,0.00419910667548036,7.94887570461032e-05,0.000817799971691365,0.00115805367607315
"50110","2020/09/25","UA",43993643,3372,52,188106,3757,36247,52212,0.00427575411292945,7.66474374490878e-05,0.000823914491464142,0.00118680783039495
"50109","2020/09/26","UA",43993643,3565,70,191671,3827,37336,53603,0.00435678854783633,8.10344349068796e-05,0.00084866806779334,0.00121842603487054
"50108","2020/09/27","UA",43993643,3833,76,195504,3903,38707,52474,0.00444391477195921,8.71262241228807e-05,0.000879831661133405,0.00119276323627029
"50107","2020/09/28","UA",43993643,3130,56,198634,3959,35974,53022,0.00451506141466848,7.1146642709266e-05,0.00081770904946426,0.00120521958138361
"50106","2020/09/29","UA",43993643,2671,37,201305,3996,38645,52549,0.0045757747318175,6.07133171490254e-05,0.000878422366613285,0.0011944680280285
"50105","2020/09/30","UA",43993643,3627,69,204932,4065,38688,56176,0.0046582184612445,8.24437294269993e-05,0.000879399780554659,0.0012769117574555
"50104","2020/10/01","UA",43993643,4027,64,208959,4129,39487,57100,0.00474975441338195,9.15359521374486e-05,0.000897561495418781,0.00129791479191664
"50103","2020/10/02","UA",43993643,0,64,208959,4193,36247,54624,0.00474975441338195,0,0.000823914491464142,0.00124163393333896
"50102","2020/10/03","UA",43993643,8702,68,217661,4261,41983,60864,0.00494755571844778,0.000197801305065825,0.000954296965131985,0.00138347260762197
"50101","2020/10/04","UA",43993643,4571,92,222232,4353,43879,59572,0.00505145709347144,0.00010390137502366,0.000997394100779515,0.00135410472826722
"50100","2020/10/05","UA",43993643,4230,44,226462,4397,45225,63802,0.00514760734863444,9.61502551630016e-05,0.00102798943020018,0.00145025498343022
"50099","2020/10/06","UA",43993643,3774,33,230236,4430,45502,63992,0.00523339246990753,8.57851212730894e-05,0.00103428579442716,0.00145457378921768
"50098","2020/10/07","UA",43993643,4348,90,234584,4520,46478,65112,0.00533222493077011,9.88324608625842e-05,0.00105647081784066,0.00148003201280694
"50097","2020/10/08","UA",43993643,4753,77,239337,4597,47666,66625,0.00544026326712703,0.000108038336356914,0.00108347471929069,0.00151442334520922
"50096","2020/10/09","UA",43993643,5397,93,244734,4690,49230,69056,0.00556294008204776,0.000122676814920738,0.00111902531008855,0.00156968132873197
"50095","2020/10/10","UA",43993643,0,0,244734,4690,46100,66381,0.00556294008204776,0,0.00104787866737928,0.00150887708935584
"50094","2020/10/11","UA",43993643,11532,197,256266,4887,54961,75029,0.00582506886279002,0.000262128780742254,0.00124929413097251,0.00170545094435576
"50093","2020/10/12","UA",43993643,4768,85,261034,4972,56102,76300,0.00593344815749857,0.000108379294708556,0.00127522969625407,0.00173434148201821
"50092","2020/10/13","UA",43993643,4420,43,265454,5015,56495,77348,0.00603391721844904,0.000100469060950465,0.00128416280506709,0.00175816310551959
"50091","2020/10/14","UA",43993643,5133,118,270587,5133,61628,78916,0.00615059316638088,0.000116675947931841,0.00140083875299893,0.00179380461854455
"50090","2020/10/15","UA",43993643,5590,96,276177,5229,58516,80673,0.00627765697875941,0.000127063812378529,0.00133010126031163,0.0018337422068002
"50089","2020/10/16","UA",43993643,5062,73,281239,5302,59007,82605,0.00639271905716014,0.000115062078400736,0.00134126196368871,0.00187765764249167
"50088","2020/10/17","UA",43993643,5992,106,287231,5408,60769,85926,0.00652892055336268,0.000136201496202531,0.00138131320472824,0.00195314582154517
"50087","2020/10/18","UA",43993643,6410,109,293641,5517,63405,88709,0.00667462342229763,0.00014570286893495,0.0014412309523901,0.00201640496105312
"50086","2020/10/19","UA",43993643,9997,156,303638,5673,69054,94679,0.00690186079838853,0.000227237376090905,0.00156963586761842,0.00215210638500658
"50085","2020/10/20","UA",43993643,5469,113,309107,5786,69770,100148,0.00702617421339715,0.000124313415008618,0.00158591094627012,0.0022764198000152
"50084","2020/10/21","UA",43993643,0,0,309107,5786,64373,91446,0.00702617421339715,0,0.00146323413134939,0.00207861849494937
"50083","2020/10/22","UA",43993643,6719,141,315826,5927,71092,93594,0.00717890082437592,0.000152726610978773,0.00161596074232816,0.00212744373090449
"50082","2020/10/23","UA",43993643,7053,116,322879,6043,66613,96417,0.00733921944131792,0.000160318616941998,0.0015141505785279,0.00219161209268348
"50081","2020/10/24","UA",43993643,7517,121,330396,6164,69362,100160,0.00751008503660404,0.000170865595286119,0.00157663687910547,0.00227669256669651
"50080","2020/10/25","UA",43993643,7014,125,337410,6289,71956,102826,0.00766951716183177,0.000159432125227729,0.00163559994338273,0.00233729223106166
"50079","2020/10/26","UA",43993643,6079,102,343489,6391,72902,104152,0.00780769621647382,0.000138179054642054,0.00165710305009294,0.0023674329493468
"50078","2020/10/27","UA",43993643,5435,73,348924,6464,72747,104190,0.00793123679255205,0.00012354057607823,0.00165357981379264,0.00236829671050429
"50077","2020/10/28","UA",43993643,6677,126,355601,6590,74362,110867,0.00808300872014623,0.000151771927594175,0.00169028966298608,0.00252006863809846
"50076","2020/10/29","UA",43993643,7474,165,363075,6755,75844,106809,0.00825289690149097,0.000169888181344746,0.0017239763481283,0.00242782803870096
"50075","2020/10/30","UA",43993643,7342,113,370417,6868,76776,109383,0.00841978464934127,0.000166887747850297,0.00174516122704364,0.0024863364918427
"50074","2020/10/31","UA",43993643,8312,173,378729,7041,75091,113275,0.00860872103726441,0.000188936387923137,0.00170686023887588,0.00257480381881537
"50073","2020/11/01","UA",43993643,8752,155,387481,7196,78374,116894,0.00880765887016904,0.000198937832904631,0.00178148465677189,0.00265706570378816
"50072","2020/11/02","UA",43993643,7959,110,395440,7306,86333,119263,0.0089885713715502,0.000180912501381165,0.00196239715815305,0.00271091439279079
"50071","2020/11/03","UA",43993643,6754,69,402194,7375,86368,120955,0.00914209355201614,0.000153522180465937,0.00196319272764022,0.002749374494856
"50070","2020/11/04","UA",43993643,8899,157,411093,7532,88214,123862,0.00934437277676686,0.000202279224750721,0.00200515333544894,0.00281545222340419
"50069","2020/11/05","UA",43993643,9524,199,420617,7731,90221,126976,0.00956085859950266,0.000216485822735798,0.00205077356289862,0.00288623517720503
"50068","2020/11/06","UA",43993643,9850,193,430467,7924,93057,126829,0.00978475458374748,0.000223895984244815,0.00211523742191571,0.00288289378535894
"50067","2020/11/07","UA",43993643,9721,201,440188,8125,96699,131081,0.0100057183261682,0.000220963742420695,0.00219802210969435,0.00297954411277102
"50066","2020/11/08","UA",43993643,10746,187,450934,8312,102010,141827,0.0102499808892844,0.000244262563116221,0.00231874409673234,0.00322380667588724
"50065","2020/11/09","UA",43993643,9397,138,460331,8450,104730,144505,0.0104635799313096,0.000213599042025231,0.00238057121116339,0.0032846791069337
"50064","2020/11/10","UA",43993643,8687,115,469018,8565,105943,146139,0.0106610402780238,0.000197460346714183,0.00240814337653283,0.00332182083670589
"50063","2020/11/11","UA",43993643,10179,191,479197,8756,108780,148801,0.010892414615448,0.000231374337424159,0.00247262996610669,0.00338232957884393
"50062","2020/11/12","UA",43993643,10611,191,489808,8947,111079,152398,0.0111336085533994,0.000241193937951444,0.002524887516135,0.00346409139156764
"50061","2020/11/13","UA",43993643,11057,198,500865,9145,113384,157376,0.011384940319673,0.000251331766273596,0.00257728144950397,0.00357724410319918
"50060","2020/11/14","UA",43993643,11787,172,512652,9317,117212,163728,0.0116528653923932,0.000267925072720166,0.00266429402084297,0.00372162859984112
