"","date","cases","deaths","cum_cases","cum_deaths","cases_active","cases_infect","cases_symptom","p_cases","p_cases_daily","p_cases_active","p_infect","p_symptom","population"
"1","2020/03/04",1,0,1,0,1,1,1,2.27305567761233e-08,2.27305567761233e-08,2.27305567761233e-08,2.27305567761233e-08,2.27305567761233e-08,43993643
"2","2020/03/13",2,0,3,0,3,3,3,6.81916703283699e-08,4.54611135522466e-08,6.81916703283699e-08,6.81916703283699e-08,6.81916703283699e-08,43993643
"3","2020/03/16",0,0,3,0,3,3,3,6.81916703283699e-08,0,6.81916703283699e-08,6.81916703283699e-08,6.81916703283699e-08,43993643
"4","2020/03/17",2,0,5,0,5,5,5,1.13652783880617e-07,4.54611135522466e-08,1.13652783880617e-07,1.13652783880617e-07,1.13652783880617e-07,43993643
"5","2020/03/18",9,0,14,0,14,14,14,3.18227794865726e-07,2.0457501098511e-07,3.18227794865726e-07,3.18227794865726e-07,3.18227794865726e-07,43993643
"6","2020/03/19",5,2,19,2,19,19,19,4.31880578746343e-07,1.13652783880617e-07,4.31880578746343e-07,4.31880578746343e-07,4.31880578746343e-07,43993643
"7","2020/03/20",7,0,26,2,26,26,26,5.90994476179206e-07,1.59113897432863e-07,5.90994476179206e-07,5.90994476179206e-07,5.90994476179206e-07,43993643
"8","2020/03/21",0,1,26,3,26,26,26,5.90994476179206e-07,0,5.90994476179206e-07,5.90994476179206e-07,5.90994476179206e-07,43993643
"9","2020/03/22",15,0,41,3,41,41,41,9.31952827821056e-07,3.4095835164185e-07,9.31952827821056e-07,9.31952827821056e-07,9.31952827821056e-07,43993643
"10","2020/03/23",6,0,47,3,47,47,47,1.0683361684778e-06,1.3638334065674e-07,1.0683361684778e-06,1.0683361684778e-06,1.0683361684778e-06,43993643
"11","2020/03/24",26,0,73,3,73,73,73,1.659330644657e-06,5.90994476179206e-07,1.659330644657e-06,1.659330644657e-06,1.659330644657e-06,43993643
"12","2020/03/25",11,0,84,3,84,84,84,1.90936676919436e-06,2.50036124537356e-07,1.90936676919436e-06,1.90936676919436e-06,1.90936676919436e-06,43993643
"13","2020/03/26",29,1,113,4,112,112,113,2.56855291570193e-06,6.59186146507576e-07,2.54582235892581e-06,2.54582235892581e-06,2.56855291570193e-06,43993643
"14","2020/03/27",43,1,156,5,153,153,156,3.54596685707524e-06,9.77413941373302e-07,3.47777518674687e-06,3.47777518674687e-06,3.54596685707524e-06,43993643
"15","2020/03/28",62,0,218,5,215,215,218,4.95526137719488e-06,1.40929452011965e-06,4.88706970686651e-06,4.88706970686651e-06,4.95526137719488e-06,43993643
"16","2020/03/29",93,3,311,8,306,306,311,7.06920315737435e-06,2.11394178017947e-06,6.95555037349373e-06,6.95555037349373e-06,7.06920315737435e-06,43993643
"17","2020/03/30",107,1,418,9,404,404,418,9.50137273241955e-06,2.43216957504519e-06,9.18314493755382e-06,9.18314493755382e-06,9.50137273241955e-06,43993643
"18","2020/03/31",62,2,480,11,461,461,480,1.09106672525392e-05,1.40929452011965e-06,1.04787866737928e-05,1.04787866737928e-05,1.09106672525392e-05,43993643
"19","2020/04/01",69,2,549,13,523,523,548,1.24790756700917e-05,1.56840841755251e-06,1.18880811939125e-05,1.18880811939125e-05,1.24563451133156e-05,43993643
"20","2020/04/02",245,7,794,20,768,768,791,1.80480620802419e-05,5.56898641015021e-06,1.74570676040627e-05,1.74570676040627e-05,1.79798704099135e-05,43993643
"21","2020/04/03",103,2,897,22,856,856,894,2.03893094281826e-05,2.3412473479407e-06,1.94573566003616e-05,1.94573566003616e-05,2.03211177578542e-05,43993643
"22","2020/04/04",175,5,1072,27,1025,1025,1067,2.43671568640042e-05,3.97784743582158e-06,2.32988206955264e-05,2.32988206955264e-05,2.42535040801236e-05,43993643
"23","2020/04/05",153,5,1225,32,1152,1152,1211,2.78449320507511e-05,3.47777518674687e-06,2.61856014060941e-05,2.61856014060941e-05,2.75267042558853e-05,43993643
"24","2020/04/06",83,5,1308,37,1224,1224,1289,2.97315682631693e-05,1.88663621241824e-06,2.78222014939749e-05,2.78222014939749e-05,2.9299687684423e-05,43993643
"25","2020/04/07",11,1,1319,38,1206,1206,1293,2.99816043877067e-05,2.50036124537356e-07,2.74130514720047e-05,2.74130514720047e-05,2.93906099115274e-05,43993643
"26","2020/04/08",143,7,1462,45,1306,1306,1436,3.32320740066923e-05,3.25046961898563e-06,2.9686107149617e-05,2.9686107149617e-05,3.26410795305131e-05,43993643
"27","2020/04/09",206,7,1668,52,1450,1450,1627,3.79145687025737e-05,4.6824946958814e-06,3.29593073253788e-05,3.29593073253788e-05,3.69826158747526e-05,43993643
"28","2020/04/10",224,5,1892,57,1581,1581,1845,4.30062134204253e-05,5.09164471785162e-06,3.5937010263051e-05,3.5937010263051e-05,4.19378772519475e-05,43993643
"29","2020/04/11",311,12,2203,69,1785,1785,2130,5.00754165777997e-05,7.06920315737435e-06,4.05740438453801e-05,4.05740438453801e-05,4.84160859331427e-05,43993643
"30","2020/04/12",308,4,2511,73,2031,2031,2427,5.70764280648456e-05,7.00101148704598e-06,4.61657608123064e-05,4.61657608123064e-05,5.51670612956513e-05,43993643
"31","2020/04/13",266,10,2777,83,2228,2228,2664,6.31227561672944e-05,6.0463281024488e-06,5.06436804972027e-05,5.06436804972027e-05,6.05542032515925e-05,43993643
"32","2020/04/14",325,10,3102,93,2308,2308,2946,7.05101871195345e-05,7.38743095224008e-06,5.24621250392926e-05,5.24621250392926e-05,6.69642202624593e-05,43993643
"33","2020/04/15",270,5,3372,98,2475,2475,3154,7.66474374490878e-05,6.13725032955329e-06,5.62581280209052e-05,5.62581280209052e-05,7.16921760718929e-05,43993643
"34","2020/04/16",392,10,3764,108,2692,2692,3453,8.55578157053281e-05,8.91037825624034e-06,6.1190658841324e-05,6.1190658841324e-05,7.84886125479538e-05,43993643
"35","2020/04/17",397,8,4161,116,2936,2936,3743,9.45818467454491e-05,9.02403104012096e-06,6.67369146946981e-05,6.67369146946981e-05,8.50804740130296e-05,43993643
"36","2020/04/18",301,9,4462,125,3154,3154,3982,0.000101423744335062,6.84189758961312e-06,7.16921760718929e-05,7.16921760718929e-05,9.0513077082523e-05,43993643
"37","2020/04/19",644,8,5106,133,3787,3787,4557,0.000116062222898886,1.46384785638234e-05,8.6080618511179e-05,8.6080618511179e-05,0.000103583147228794,43993643
"38","2020/04/20",343,8,5449,141,3987,3987,4655,0.000123858803873096,7.7965809742103e-06,9.06267298664037e-05,9.06267298664037e-05,0.000105810741792854,43993643
"39","2020/04/21",261,10,5710,151,4042,4042,4813,0.000129791479191664,5.93267531856819e-06,9.18769104890904e-05,9.18769104890904e-05,0.000109402169763482,43993643
"40","2020/04/22",415,10,6125,161,4233,4233,5053,0.000139224660253755,9.43318106209118e-06,9.621844683333e-05,9.621844683333e-05,0.000114857503389751,43993643
"41","2020/04/23",467,13,6592,174,4389,4389,5367,0.000149839830268205,1.06151700144496e-05,9.97644136904052e-05,9.97644136904052e-05,0.000121994898217454,43993643
"42","2020/04/24",578,13,7170,187,4659,4659,5862,0.000162978092084804,1.31382618165993e-05,0.000105901664019959,0.000105901664019959,0.000133246523821635,43993643
"43","2020/04/25",477,6,7647,193,4870,4870,6328,0.000173820567667015,1.08424755822108e-05,0.000110697811499721,0.000110697811499721,0.000143838963279308,43993643
"44","2020/04/26",478,8,8125,201,5023,5023,6663,0.000184685773806002,1.08652061389869e-05,0.000114175586686467,0.000114175586686467,0.00015145369979931,43993643
"45","2020/04/27",492,8,8617,209,5245,5245,6949,0.000195869207739855,1.11834339338527e-05,0.000119221770290767,0.000119221770290767,0.000157954639037281,43993643
"46","2020/04/28",392,11,9009,220,5245,5245,7117,0.000204779585996095,8.91037825624034e-06,0.000119221770290767,0.000119221770290767,0.00016177337257567,43993643
"47","2020/04/29",401,19,9410,239,5249,5249,7207,0.00021389453926332,9.11495326722545e-06,0.000119312692517871,0.000119312692517871,0.000163819122685521,43993643
"48","2020/04/30",456,11,9866,250,5404,5404,7355,0.000224259673153233,1.03651338899122e-05,0.00012283592881817,0.00012283592881817,0.000167183245088387,43993643
"49","2020/05/01",540,11,10406,261,5300,5300,7629,0.000236534173812339,1.22745006591066e-05,0.000120471950913454,0.000120471950913454,0.000173411417645045,43993643
"50","2020/05/02",455,11,10861,272,5412,5412,7759,0.000246876577145475,1.03424033331361e-05,0.000123017773272379,0.000123017773272379,0.000176366390025941,43993643
"51","2020/05/03",550,7,11411,279,5701,5701,8039,0.000259378383372343,1.25018062268678e-05,0.000129586904180679,0.000129586904180679,0.000182730945923255,43993643
"52","2020/05/04",502,9,11913,288,5788,5788,8149,0.000270789122873957,1.14107395016139e-05,0.000131564462620202,0.000131564462620202,0.000185231307168629,43993643
"53","2020/05/05",418,15,12331,303,5739,5739,8170,0.000280290495606377,9.50137273241955e-06,0.000130450665338172,0.000130450665338172,0.000185708648860927,43993643
"54","2020/05/06",366,13,12697,316,5527,5527,8235,0.000288609879386438,8.31938378006113e-06,0.000125631787301634,0.000125631787301634,0.000187186135051375,43993643
"55","2020/05/07",487,11,13184,327,5537,5537,8078,0.00029967966053641,1.10697811499721e-05,0.000125859092869395,0.000125859092869395,0.000183617437637524,43993643
"56","2020/05/08",507,13,13691,340,5566,5566,8242,0.000311204052821904,1.15243922854945e-05,0.000126518279015902,0.000126518279015902,0.000187345248948808,43993643
"57","2020/05/09",504,21,14195,361,5578,5578,8485,0.00032266025343707,1.14562006151662e-05,0.000126791045697216,0.000126791045697216,0.000192868774245406,43993643
"58","2020/05/10",515,15,14710,376,5701,5701,8585,0.000334366490176774,1.17062367397035e-05,0.000129586904180679,0.000129586904180679,0.000195141829923019,43993643
"59","2020/05/11",522,15,15232,391,5822,5822,8640,0.00034623184081391,1.18653506371364e-05,0.00013233730155059,0.00013233730155059,0.000196392010545705,43993643
"60","2020/05/12",416,17,15648,408,5782,5782,8478,0.000355687752432778,9.4559116188673e-06,0.000131428079279545,0.000131428079279545,0.000192709660347973,43993643
"61","2020/05/13",375,17,16023,425,5617,5617,8376,0.000364211711223824,8.52395879104624e-06,0.000127677537411485,0.000127677537411485,0.000190391143556809,43993643
"62","2020/05/14",402,14,16425,439,5564,5564,8300,0.000373349395047825,9.13768382400157e-06,0.00012647281790235,0.00012647281790235,0.000188663621241823,43993643
"63","2020/05/15",422,17,16847,456,5436,5436,8230,0.000382941690007349,9.59229495952404e-06,0.000123563306635006,0.000123563306635006,0.000187072482267495,43993643
"64","2020/05/16",483,20,17330,476,5417,5417,8321,0.000393920548930217,1.09788589228676e-05,0.00012313142605626,0.00012313142605626,0.000189140962934122,43993643
"65","2020/05/17",528,21,17858,497,5527,5527,8448,0.00040592228290801,1.20017339777931e-05,0.000125631787301634,0.000125631787301634,0.00019202774364469,43993643
"66","2020/05/18",433,17,18291,514,5594,5594,8425,0.000415764613992072,9.84233108406139e-06,0.000127154734605634,0.000127154734605634,0.000191504940838839,43993643
"67","2020/05/19",325,21,18616,535,5432,5432,8210,0.000423152044944312,7.38743095224008e-06,0.000123472384407902,0.000123472384407902,0.000186617871131972,43993643
"68","2020/05/20",260,13,18876,548,5185,5185,8015,0.000429061989706104,5.90994476179206e-06,0.000117857936884199,0.000117857936884199,0.000182185412560628,43993643
"69","2020/05/21",354,16,19230,564,5035,5035,7819,0.000437108606804851,8.04661709874765e-06,0.000114448353367781,0.000114448353367781,0.000177730223432508,43993643
"70","2020/05/22",476,15,19706,579,4996,4996,7793,0.000447928351830286,1.08197450254347e-05,0.000113561861653512,0.000113561861653512,0.000177139228956329,43993643
"71","2020/05/23",442,9,20148,588,4916,4916,7817,0.000457975257925333,1.00469060950465e-05,0.000111743417111422,0.000111743417111422,0.000177684762318956,43993643
"72","2020/05/24",432,17,20580,605,4932,4932,7883,0.000467794858452618,9.81960052728527e-06,0.00011210710601984,0.00011210710601984,0.00017918497906618,43993643
"73","2020/05/25",406,12,20986,617,4963,4963,7802,0.000477023464503724,9.22860605110606e-06,0.0001128117532799,0.0001128117532799,0.000177343803967314,43993643
"74","2020/05/26",259,6,21245,623,4820,4820,7554,0.00048291067870874,5.88721420501594e-06,0.000109561283660914,0.000109561283660914,0.000171706625886836,43993643
"75","2020/05/27",339,21,21584,644,4737,4737,7389,0.000490616337455846,7.7056587471058e-06,0.000107674647448496,0.000107674647448496,0.000167956084018775,43993643
"76","2020/05/28",321,14,21905,658,4575,4575,7195,0.000497912846180981,7.29650872513558e-06,0.000103992297250764,0.000103992297250764,0.000163546356004207,43993643
"77","2020/05/29",477,11,22382,669,4524,4524,7150,0.000508755321763192,1.08424755822108e-05,0.000102833038855182,0.000102833038855182,0.000162523480949282,43993643
"78","2020/05/30",429,10,22811,679,4520,4520,7163,0.000518506730620149,9.7514088569569e-06,0.000102742116628077,0.000102742116628077,0.000162818978187371,43993643
"79","2020/05/31",393,17,23204,696,4588,4588,7181,0.000527439839433165,8.93310881301646e-06,0.000104287794488854,0.000104287794488854,0.000163228128209342,43993643
"80","2020/06/01",468,12,23672,708,4796,4796,7247,0.000538077740004391,1.06379005712257e-05,0.000109015750298287,0.000109015750298287,0.000164728344956566,43993643
"81","2020/06/02",340,10,24012,718,4782,4782,7165,0.000545806129308273,7.72838930388193e-06,0.000108697522503422,0.000108697522503422,0.000162864439300924,43993643
"82","2020/06/03",328,9,24340,727,4634,4634,7010,0.000553261751930841,7.45562262256845e-06,0.000105333400100555,0.000105333400100555,0.000159341203000624,43993643
"83","2020/06/04",483,8,24823,735,4675,4675,6965,0.000564240610853709,1.09788589228676e-05,0.000106265352928376,0.000106265352928376,0.000158318327945699,43993643
"84","2020/06/05",588,12,25411,747,4831,4831,7120,0.00057760617823807,1.33655673843605e-05,0.000109811319785452,0.000109811319785452,0.000161841564245998,43993643
"85","2020/06/06",553,15,25964,762,4978,4978,7348,0.000590176176135266,1.25699978971962e-05,0.000113152711631542,0.000113152711631542,0.000167024131190954,43993643
"86","2020/06/07",550,15,26514,777,5269,5269,7638,0.000602677982362134,1.25018062268678e-05,0.000119767303653394,0.000119767303653394,0.00017361599265603,43993643
"87","2020/06/08",485,11,26999,788,5415,5415,7769,0.000613702302398553,1.10243200364198e-05,0.000123085964942708,0.000123085964942708,0.000176593695593702,43993643
"88","2020/06/09",463,9,27462,797,5557,5557,7756,0.000624226550185898,1.05242477873451e-05,0.000126313704004917,0.000126313704004917,0.000176298198355612,43993643
"89","2020/06/10",394,13,27856,810,5474,5474,7708,0.000633182389555691,8.95583936979259e-06,0.000124427067792499,0.000124427067792499,0.000175207131630359,43993643
"90","2020/06/11",525,23,28381,833,5570,5570,7801,0.000645115931863156,1.19335423074647e-05,0.000126609201243007,0.000126609201243007,0.000177321073410538,43993643
"91","2020/06/12",689,21,29070,854,5866,5866,8084,0.000660777285481905,1.5661353618749e-05,0.000133337446048739,0.000133337446048739,0.000183753820978181,43993643
"92","2020/06/13",683,16,29753,870,6081,6081,8508,0.000676302255759997,1.55249702780922e-05,0.000138224515755606,0.000138224515755606,0.000193391577051257,43993643
"93","2020/06/14",753,10,30506,880,6494,6494,8922,0.000693418365012418,1.71161092524209e-05,0.000147612235704145,0.000147612235704145,0.000202802027556572,43993643
"94","2020/06/15",648,9,31154,889,6814,6814,9249,0.000708147765803346,1.47294007909279e-05,0.000154886013872504,0.000154886013872504,0.000210234919622365,43993643
"95","2020/06/16",656,12,31810,901,6987,6987,9428,0.000723059011048483,1.49112452451369e-05,0.000158818400194774,0.000158818400194774,0.000214303689285291,43993643
"96","2020/06/17",666,11,32476,912,7065,7065,9665,0.000738197561861381,1.51385508128981e-05,0.000160591383623311,0.000160591383623311,0.000219690831241232,43993643
"97","2020/06/18",758,31,33234,943,7270,7270,10030,0.000755427323897682,1.72297620363015e-05,0.000165251147762416,0.000165251147762416,0.000227987484464517,43993643
"98","2020/06/19",829,23,34063,966,7549,7549,10391,0.000774270955465088,1.88436315674062e-05,0.000171592973102955,0.000171592973102955,0.000236193215460697,43993643
"99","2020/06/20",921,19,34984,985,7985,7985,10972,0.000795205798255898,2.09348427908096e-05,0.000181503495857345,0.000181503495857345,0.000249399668947625,43993643
"100","2020/06/21",841,9,35825,994,8363,8363,11485,0.000814322196504618,1.91163982487197e-05,0.000190095646318719,0.000190095646318719,0.000261060444573776,43993643
"101","2020/06/22",735,8,36560,1002,8704,8704,11737,0.000831029155735068,1.67069592304506e-05,0.000197846766179377,0.000197846766179377,0.000266788544881359,43993643
"102","2020/06/23",681,10,37241,1012,8860,8860,11830,0.000846508664899608,1.547950916454e-05,0.000201392733036453,0.000201392733036453,0.000268902486661539,43993643
"103","2020/06/24",833,23,38074,1035,9004,9004,12110,0.000865443218694119,1.89345537945107e-05,0.000204665933212214,0.000204665933212214,0.000275267042558853,43993643
"104","2020/06/25",940,16,39014,1051,9261,9261,12500,0.000886809942063675,2.13667233695559e-05,0.000210507686303678,0.000210507686303678,0.000284131959701541,43993643
"105","2020/06/26",994,16,40008,1067,9502,9502,13009,0.000909404115499142,2.25941734354666e-05,0.000215985750486724,0.000215985750486724,0.000295701813100588,43993643
"106","2020/06/27",1109,19,41117,1086,9963,9963,13655,0.000934612302963862,2.52081874647208e-05,0.000226464537160517,0.000226464537160517,0.000310385752777964,43993643
"107","2020/06/28",948,24,42065,1110,10255,10255,14209,0.000956160870787627,2.15485678237649e-05,0.000233101859739145,0.000233101859739145,0.000322978481231936,43993643
"108","2020/06/29",917,19,42982,1129,10506,10506,14601,0.000977004791351332,2.08439205637051e-05,0.000238807229489952,0.000238807229489952,0.000331888859488177,43993643
"109","2020/06/30",646,18,43628,1147,10394,10394,14558,0.000991688731028708,1.46839396773757e-05,0.000236261407131026,0.000236261407131026,0.000330911445546803,43993643
"110","2020/07/01",706,12,44334,1159,10271,10271,14581,0.00100773650411265,1.60477730839431e-05,0.000233465548647563,0.000233465548647563,0.000331434248352654,43993643
"111","2020/07/02",664,14,44998,1173,10014,10014,14492,0.001022829593812,1.50930896993459e-05,0.000227623795556099,0.000227623795556099,0.000329411228799579,43993643
"112","2020/07/03",889,12,45887,1185,10062,10062,14733,0.00104303705878597,2.02074649739736e-05,0.000228714862281353,0.000228714862281353,0.000334889292982625,43993643
"113","2020/07/04",876,27,46763,1212,10203,10203,14953,0.00106294902652185,1.9911967735884e-05,0.000231919870786786,0.000231919870786786,0.000339890015473372,43993643
"114","2020/07/05",914,15,47677,1227,10436,10436,15201,0.00108372475541523,2.07757288933767e-05,0.000237216090515623,0.000237216090515623,0.000345527193553851,43993643
"115","2020/07/06",823,22,48500,1249,10426,10426,15266,0.00110243200364198,1.87072482267495e-05,0.000236988784947862,0.000236988784947862,0.000347004679744298,43993643
"116","2020/07/07",543,13,49043,1262,10029,10029,14980,0.00111477469597142,1.2342692329435e-05,0.000227964753907741,0.000227964753907741,0.000340503740506327,43993643
"117","2020/07/08",564,21,49607,1283,9599,9599,14623,0.00112759472999315,1.28200340217335e-05,0.000218190614494008,0.000218190614494008,0.000332388931737251,43993643
"118","2020/07/09",807,23,50414,1306,9297,9297,14589,0.00114593828931148,1.83435593183315e-05,0.000211325986347618,0.000211325986347618,0.000331616092806863,43993643
"119","2020/07/10",810,21,51224,1327,9159,9159,14664,0.00116435004030014,1.84117509886599e-05,0.000208189169512513,0.000208189169512513,0.000333320884565072,43993643
"120","2020/07/11",819,18,52043,1345,9061,9061,14802,0.00118296636629979,1.8616325999645e-05,0.000205961574948453,0.000205961574948453,0.000336457701400177,43993643
"121","2020/07/12",800,27,52843,1372,9215,9215,14769,0.00120115081172068,1.81844454208987e-05,0.000209462080691976,0.000209462080691976,0.000335707593026565,43993643
"122","2020/07/13",678,11,53521,1383,9187,9187,14507,0.0012165621292149,1.54113174942116e-05,0.000208825625102245,0.000208825625102245,0.000329752187151221,43993643
"123","2020/07/14",612,15,54133,1398,9135,9135,14125,0.00123047322996188,1.39111007469875e-05,0.000207643636149886,0.000207643636149886,0.000321069114462742,43993643
"124","2020/07/15",638,14,54771,1412,8884,8884,13654,0.00124497532518505,1.45020952231667e-05,0.00020193826639908,0.00020193826639908,0.000310363022221188,43993643
"125","2020/07/16",836,15,55607,1427,8844,8844,13542,0.00126397807064989,1.90027454648391e-05,0.000201029044128035,0.000201029044128035,0.000307817199862262,43993643
"126","2020/07/17",848,18,56455,1445,8778,8778,13473,0.00128325358279604,1.92755121461526e-05,0.00019952882738081,0.00019952882738081,0.000306248791444709,43993643
"127","2020/07/18",809,11,57264,1456,8764,8764,13636,0.00130164260322793,1.83890204318838e-05,0.000199210599585945,0.000199210599585945,0.000309953872199217,43993643
"128","2020/07/19",847,21,58111,1477,9068,9068,13777,0.0013208953848173,1.92527815893764e-05,0.000206120688845886,0.000206120688845886,0.000313158880704651,43993643
"129","2020/07/20",731,8,58842,1485,9235,9235,13844,0.00133751142182065,1.66160370033461e-05,0.000209916691827499,0.000209916691827499,0.000314681828008651,43993643
"130","2020/07/21",651,13,59493,1498,9079,9079,13606,0.0013523090142819,1.47975924612563e-05,0.000206370724970424,0.000206370724970424,0.000309271955495934,43993643
"131","2020/07/22",673,20,60166,1518,8942,8942,13403,0.00136760667899224,1.5297664710331e-05,0.000203256638692095,0.000203256638692095,0.000304657652470381,43993643
"132","2020/07/23",829,16,60995,1534,8952,8952,13318,0.00138645031055964,1.88436315674062e-05,0.000203483944259856,0.000203483944259856,0.00030272555514441,43993643
"133","2020/07/24",856,17,61851,1551,9008,9008,13351,0.00140590766716,1.94573566003616e-05,0.000204756855439319,0.000204756855439319,0.000303475663518022,43993643
"134","2020/07/25",972,20,62823,1571,9302,9302,13780,0.00142800176834639,2.20941011863919e-05,0.000211439639131499,0.000211439639131499,0.000313227072374979,43993643
"135","2020/07/26",1106,19,63929,1590,9796,9796,14322,0.00145314176414079,2.51399957943924e-05,0.000222668534178904,0.000222668534178904,0.000325547034147638,43993643
"136","2020/07/27",920,15,64849,1605,10078,10078,14435,0.00147405387637482,2.09121122340335e-05,0.000229078551189771,0.000229078551189771,0.00032811558706334,43993643
"137","2020/07/28",807,11,65656,1616,10049,10049,14432,0.00149239743569315,1.83435593183315e-05,0.000228419365043263,0.000228419365043263,0.000328047395393012,43993643
"138","2020/07/29",919,13,66575,1629,10120,10120,14532,0.00151328681737041,2.08893816772573e-05,0.000230033234574368,0.000230033234574368,0.000330320451070624,43993643
"139","2020/07/30",1022,21,67597,1650,10333,10333,14754,0.00153651744639561,2.3230629025198e-05,0.000234874843167682,0.000234874843167682,0.000335366634674923,43993643
"140","2020/07/31",1197,23,68794,1673,10683,10683,15273,0.00156372592285663,2.72084764610196e-05,0.000242830538039325,0.000242830538039325,0.000347163793641731,43993643
"141","2020/08/01",1090,20,69884,1693,11042,11042,15751,0.0015885022297426,2.47763068859744e-05,0.000250990807921954,0.000250990807921954,0.000358028999780718,43993643
"142","2020/08/02",1172,16,71056,1709,11563,11563,16285,0.00161514244228422,2.66402125416165e-05,0.000262833428002314,0.000262833428002314,0.000370167117099168,43993643
"143","2020/08/03",1112,16,72168,1725,12002,12002,16561,0.00164041882141927,2.52763791350491e-05,0.000272812142427032,0.000272812142427032,0.000376440750769378,43993643
"144","2020/08/04",990,13,73158,1738,12163,12163,16703,0.00166292207262763,2.25032512083621e-05,0.000276471762067988,0.000276471762067988,0.000379668489831588,43993643
"145","2020/08/05",1061,26,74219,1764,12368,12368,16955,0.0016870391933671,2.41171207394668e-05,0.000281131526207093,0.000281131526207093,0.000385396590139171,43993643
"146","2020/08/06",1271,24,75490,1788,12667,12667,17379,0.00171592973102955,2.88905376624527e-05,0.000287927962683154,0.000287927962683154,0.000395034346212247,43993643
"147","2020/08/07",1318,31,76808,1819,12879,12879,17966,0.00174588860486048,2.99588738309305e-05,0.000292746840719692,0.000292746840719692,0.000408377183039831,43993643
"148","2020/08/08",1453,33,78261,1852,13412,13412,18768,0.00177891610385619,3.30274989957072e-05,0.000304862227481366,0.000304862227481366,0.000426607089574282,43993643
"149","2020/08/09",1489,27,79750,1879,14094,14094,19584,0.00181276190289583,3.38457990396476e-05,0.000320364467202682,0.000320364467202682,0.000445155223903599,43993643
"150","2020/08/10",2207,43,81957,1922,15382,15382,20962,0.00186292824170074,5.01663388049042e-05,0.000349641424330329,0.000349641424330329,0.000476477931141097,43993643
"151","2020/08/11",1158,29,83115,1951,15518,15518,21264,0.00188925022644749,2.63219847467508e-05,0.000352732780051882,0.000352732780051882,0.000483342559287486,43993643
"152","2020/08/12",1433,19,84548,1970,15754,15754,21725,0.00192182311430767,3.25728878601847e-05,0.000358097191451047,0.000358097191451047,0.000493821345961279,43993643
"153","2020/08/13",1592,22,86140,1992,16256,16256,22211,0.00195801016069526,3.61870463875883e-05,0.000369507930952661,0.000369507930952661,0.000504868396554475,43993643
"154","2020/08/14",1732,19,87872,2011,16816,16816,23023,0.00199737948503151,3.93693243362456e-05,0.00038223704274729,0.00038223704274729,0.000523325608656687,43993643
"155","2020/08/15",0,0,87872,2011,15704,15704,22216,0.00199737948503151,0,0.000356960663612241,0.000356960663612241,0.000504982049338356,43993643
"156","2020/08/16",1847,33,89719,2044,16561,16561,23144,0.00203936282339701,4.19833383654998e-05,0.000376440750769378,0.000376440750769378,0.000526076006026598,43993643
"157","2020/08/17",3101,45,92820,2089,18601,18601,25223,0.00210985027995977,7.04874565627584e-05,0.00042281108659267,0.00042281108659267,0.000573332833564158,43993643
"158","2020/08/18",1616,27,94436,2116,18946,18946,25642,0.00214658285970998,3.67325797502153e-05,0.000430653128680432,0.000430653128680432,0.000582856936853354,43993643
"159","2020/08/19",0,0,94436,2116,17628,17628,24552,0.00214658285970998,0,0.000400694254849502,0.000400694254849502,0.00055808062996738,43993643
"160","2020/08/20",1967,28,96403,2144,18142,18142,25347,0.00219129386488862,4.47110051786346e-05,0.000412377761032429,0.000412377761032429,0.000576151422604398,43993643
"161","2020/08/21",2134,40,98537,2184,18787,18787,26369,0.00223980087304886,4.85070081602472e-05,0.000427038970153029,0.000427038970153029,0.000599382051629596,43993643
"162","2020/08/22",2106,23,100643,2207,18686,18686,27485,0.00228767142561938,4.78705525705157e-05,0.00042474318391864,0.00042474318391864,0.000624749352991749,43993643
"163","2020/08/23",2328,37,102971,2244,19856,19856,28752,0.00234058816179419,5.29167361748151e-05,0.000451337935346705,0.000451337935346705,0.000653548968427098,43993643
"164","2020/08/24",1987,27,104958,2271,20410,20410,29468,0.00238575377810835,4.5165616314157e-05,0.000463930663800677,0.000463930663800677,0.000669824047078802,43993643
"165","2020/08/25",1796,22,106754,2293,20614,20614,29946,0.00242657785807827,4.08240799699175e-05,0.000468567697383006,0.000468567697383006,0.000680689253217789,43993643
"166","2020/08/26",3331,25,110085,2318,22213,22213,31824,0.00250229334269954,7.57154846212668e-05,0.000504913857668027,0.000504913857668027,0.000723377238843348,43993643
"167","2020/08/27",1974,85,112059,2403,24187,24187,32309,0.0025471634617756,4.48701190760674e-05,0.000549783976744095,0.000549783976744095,0.000734401558879768,43993643
"168","2020/08/28",0,0,112059,2403,22340,22340,30102,0.0025471634617756,0,0.000507800638378595,0.000507800638378595,0.000684235220074864,43993643
"169","2020/08/29",2438,35,114497,2438,21677,21677,31382,0.00260258055919579,5.54170974201886e-05,0.000492730279236025,0.000492730279236025,0.000713330332748302,43993643
"170","2020/08/30",2481,54,116978,2492,22542,22542,32430,0.00265897507055735,5.63945113615619e-05,0.000512392210847372,0.000512392210847372,0.000737151956249679,43993643
"171","2020/08/31",2096,35,119074,2527,24638,24638,32934,0.00270661831756011,4.76432470027545e-05,0.000560035457850126,0.000560035457850126,0.000748608156864845,43993643
"172","2020/09/01",2141,30,121215,2557,24812,24812,33343,0.00275528443961779,4.866612205768e-05,0.000563990574729172,0.000563990574729172,0.00075790495458628,43993643
"173","2020/09/02",2088,48,123303,2605,24766,24766,35431,0.00280274584216633,4.74614025485455e-05,0.00056294496911747,0.00056294496911747,0.000805366357134825,43993643
"174","2020/09/03",2486,51,125789,2656,25146,25146,36070,0.00285925400631178,5.65081641454426e-05,0.000571582580692397,0.000571582580692397,0.000819891182914768,43993643
"175","2020/09/04",2439,54,128228,2710,25257,25257,35408,0.00291469383428874,5.54398279769648e-05,0.000574105672494547,0.000574105672494547,0.000804843554328974,43993643
"176","2020/09/05",2723,13,130951,2723,25993,25993,36515,0.00297658914039012,6.18953061013838e-05,0.000590835362281773,0.000590835362281773,0.000830006280680143,43993643
"177","2020/09/06",2836,88,133787,2811,27033,27033,39351,0.00304105299940721,6.44638590170857e-05,0.000614475141328942,0.000614475141328942,0.000894470139697229,43993643
"178","2020/09/07",2107,0,135894,2811,25809,25809,39491,0.0030889462825345,4.78932831272918e-05,0.000586652939834967,0.000586652939834967,0.000897652417645886,43993643
"179","2020/09/08",2174,66,138068,2877,26009,26009,39531,0.00313836251296579,4.94162304312921e-05,0.000591199051190191,0.000591199051190191,0.000898561639916931,43993643
"180","2020/09/09",4962,102,143030,2979,30971,30971,42387,0.00325115153568892,0.000112789022723124,0.000703988073913315,0.000703988073913315,0.000963480110069539,43993643
"181","2020/09/10",2582,0,145612,2979,31115,31115,42641,0.00330984183328487,5.86902975959504e-05,0.000707261274089077,0.000707261274089077,0.000969253671490674,43993643
"182","2020/09/11",3144,97,148756,3076,31778,31778,43798,0.003381306703789,7.14648705041317e-05,0.000722331633231647,0.000722331633231647,0.000995552925680649,43993643
"183","2020/09/12",0,0,148756,3076,29682,29682,42002,0.003381306703789,0,0.000674688386228892,0.000674688386228892,0.000954728845710731,43993643
"184","2020/09/13",3103,27,151859,3103,30644,30644,41774,0.00345183962146531,7.05329176763106e-05,0.000696555181847523,0.000696555181847523,0.000949546278765775,43993643
"185","2020/09/14",2476,75,154335,3178,31032,31032,42276,0.00350812048004299,5.62808585776813e-05,0.000705374637876659,0.000705374637876659,0.000960957018267389,43993643
"186","2020/09/15",2462,33,156797,3211,31008,31008,44738,0.00356408311082581,5.59626307828156e-05,0.000704829104514032,0.000704829104514032,0.0010169196490502,43993643
"187","2020/09/16",5863,129,162660,3340,34432,34432,48163,0.00369735236520422,0.000133269254378411,0.000782658530915478,0.000782658530915478,0.00109477180600843,43993643
"188","2020/09/17",0,0,162660,3340,31709,31709,45682,0.00369735236520422,0,0.000720763224814094,0.000720763224814094,0.00103837729464687,43993643
"189","2020/09/18",3584,60,166244,3400,32457,32457,47170,0.00377881868068984,8.1466315485626e-05,0.000737765681282634,0.000737765681282634,0.00107220036312974,43993643
"190","2020/09/19",3228,68,169472,3468,33578,33578,48257,0.00385219291796317,7.33742372733261e-05,0.000763246635428669,0.000763246635428669,0.00109690847834538,43993643
"191","2020/09/20",3240,48,172712,3516,34644,34644,49409,0.00392583992191781,7.36470039546395e-05,0.000787477408952016,0.000787477408952016,0.00112309407975148,43993643
"192","2020/09/21",2966,41,175678,3557,32648,32648,49889,0.00399325875331579,6.74188313979817e-05,0.000742107217626874,0.000742107217626874,0.00113400474700402,43993643
"193","2020/09/22",2675,26,178353,3583,32741,32741,50125,0.00405406299269192,6.08042393761299e-05,0.000744221159407053,0.000744221159407053,0.00113936915840318,43993643
"194","2020/09/23",2884,59,181237,3642,32481,32481,50286,0.00411961791843426,6.55549257423396e-05,0.000738311214645261,0.000738311214645261,0.00114302877804414,43993643
"195","2020/09/24",3497,63,184734,3705,35978,35978,50947,0.00419910667548036,7.94887570461032e-05,0.000817799971691365,0.000817799971691365,0.00115805367607315,43993643
"196","2020/09/25",3372,52,188106,3757,36247,36247,52212,0.00427575411292945,7.66474374490878e-05,0.000823914491464142,0.000823914491464142,0.00118680783039495,43993643
"197","2020/09/26",3565,70,191671,3827,37336,37336,53603,0.00435678854783633,8.10344349068796e-05,0.00084866806779334,0.00084866806779334,0.00121842603487054,43993643
"198","2020/09/27",3833,76,195504,3903,38707,38707,52474,0.00444391477195921,8.71262241228807e-05,0.000879831661133405,0.000879831661133405,0.00119276323627029,43993643
"199","2020/09/28",3130,56,198634,3959,35974,35974,53022,0.00451506141466848,7.1146642709266e-05,0.00081770904946426,0.00081770904946426,0.00120521958138361,43993643
"200","2020/09/29",2671,37,201305,3996,38645,38645,52549,0.0045757747318175,6.07133171490254e-05,0.000878422366613285,0.000878422366613285,0.0011944680280285,43993643
"201","2020/09/30",3627,69,204932,4065,38688,38688,56176,0.0046582184612445,8.24437294269993e-05,0.000879399780554659,0.000879399780554659,0.0012769117574555,43993643
"202","2020/10/01",4027,64,208959,4129,39487,39487,57100,0.00474975441338195,9.15359521374486e-05,0.000897561495418781,0.000897561495418781,0.00129791479191664,43993643
"203","2020/10/02",0,64,208959,4193,36247,36247,54624,0.00474975441338195,0,0.000823914491464142,0.000823914491464142,0.00124163393333896,43993643
"204","2020/10/03",8702,68,217661,4261,41983,41983,60864,0.00494755571844778,0.000197801305065825,0.000954296965131985,0.000954296965131985,0.00138347260762197,43993643
"205","2020/10/04",4571,92,222232,4353,43879,43879,59572,0.00505145709347144,0.00010390137502366,0.000997394100779515,0.000997394100779515,0.00135410472826722,43993643
"206","2020/10/05",4230,44,226462,4397,45225,45225,63802,0.00514760734863444,9.61502551630016e-05,0.00102798943020018,0.00102798943020018,0.00145025498343022,43993643
"207","2020/10/06",3774,33,230236,4430,45502,45502,63992,0.00523339246990753,8.57851212730894e-05,0.00103428579442716,0.00103428579442716,0.00145457378921768,43993643
"208","2020/10/07",4348,90,234584,4520,46478,46478,65112,0.00533222493077011,9.88324608625842e-05,0.00105647081784066,0.00105647081784066,0.00148003201280694,43993643
"209","2020/10/08",4753,77,239337,4597,47666,47666,66625,0.00544026326712703,0.000108038336356914,0.00108347471929069,0.00108347471929069,0.00151442334520922,43993643
"210","2020/10/09",5397,93,244734,4690,49230,49230,69056,0.00556294008204776,0.000122676814920738,0.00111902531008855,0.00111902531008855,0.00156968132873197,43993643
"211","2020/10/10",0,0,244734,4690,46100,46100,66381,0.00556294008204776,0,0.00104787866737928,0.00104787866737928,0.00150887708935584,43993643
"212","2020/10/11",11532,197,256266,4887,54961,54961,75029,0.00582506886279002,0.000262128780742254,0.00124929413097251,0.00124929413097251,0.00170545094435576,43993643
"213","2020/10/12",4768,85,261034,4972,56102,56102,76300,0.00593344815749857,0.000108379294708556,0.00127522969625407,0.00127522969625407,0.00173434148201821,43993643
"214","2020/10/13",4420,43,265454,5015,56495,56495,77348,0.00603391721844904,0.000100469060950465,0.00128416280506709,0.00128416280506709,0.00175816310551959,43993643
"215","2020/10/14",5133,118,270587,5133,61628,61628,78916,0.00615059316638088,0.000116675947931841,0.00140083875299893,0.00140083875299893,0.00179380461854455,43993643
"216","2020/10/15",5590,96,276177,5229,58516,58516,80673,0.00627765697875941,0.000127063812378529,0.00133010126031163,0.00133010126031163,0.0018337422068002,43993643
"217","2020/10/16",5062,73,281239,5302,59007,59007,82605,0.00639271905716014,0.000115062078400736,0.00134126196368871,0.00134126196368871,0.00187765764249167,43993643
"218","2020/10/17",5992,106,287231,5408,60769,60769,85926,0.00652892055336268,0.000136201496202531,0.00138131320472824,0.00138131320472824,0.00195314582154517,43993643
"219","2020/10/18",6410,109,293641,5517,63405,63405,88709,0.00667462342229763,0.00014570286893495,0.0014412309523901,0.0014412309523901,0.00201640496105312,43993643
"220","2020/10/19",9997,156,303638,5673,69054,69054,94679,0.00690186079838853,0.000227237376090905,0.00156963586761842,0.00156963586761842,0.00215210638500658,43993643
"221","2020/10/20",5469,113,309107,5786,69770,69770,100148,0.00702617421339715,0.000124313415008618,0.00158591094627012,0.00158591094627012,0.0022764198000152,43993643
"222","2020/10/21",0,0,309107,5786,64373,64373,91446,0.00702617421339715,0,0.00146323413134939,0.00146323413134939,0.00207861849494937,43993643
