"","date","cases","deaths","cum_cases","cum_deaths","p_cases","population"
"1","2020/03/06",1,0,1,0,1.70770081020328e-08,58558267
"2","2020/03/08",1,0,2,0,3.41540162040656e-08,58558267
"3","2020/03/09",1,0,3,0,5.12310243060984e-08,58558267
"4","2020/03/10",4,0,7,0,1.1953905671423e-07,58558267
"5","2020/03/12",6,0,13,0,2.22001105326426e-07,58558267
"6","2020/03/13",4,0,17,0,2.90309137734558e-07,58558267
"7","2020/03/14",7,0,24,0,4.09848194448787e-07,58558267
"8","2020/03/15",0,0,24,0,4.09848194448787e-07,58558267
"9","2020/03/16",27,0,51,0,8.70927413203673e-07,58558267
"10","2020/03/17",11,0,62,0,1.05877450232603e-06,58558267
"11","2020/03/18",23,0,85,0,1.45154568867279e-06,58558267
"12","2020/03/19",31,0,116,0,1.9809329398358e-06,58558267
"13","2020/03/20",34,0,150,0,2.56155121530492e-06,58558267
"14","2020/03/21",55,0,205,0,3.50078666091672e-06,58558267
"15","2020/03/22",35,0,240,0,4.09848194448787e-06,58558267
"16","2020/03/23",34,0,274,0,4.67910021995699e-06,58558267
"17","2020/03/24",128,0,402,0,6.86495725701719e-06,58558267
"18","2020/03/25",155,0,557,0,9.51189351283227e-06,58558267
"19","2020/03/26",152,0,709,0,1.21075987443413e-05,58558267
"20","2020/03/27",218,2,927,2,1.58303865105844e-05,58558267
"21","2020/03/28",243,0,1170,2,1.99800994793784e-05,58558267
"22","2020/03/29",17,0,1187,2,2.02704086171129e-05,58558267
"23","2020/03/30",93,0,1280,2,2.1858570370602e-05,58558267
"24","2020/03/31",46,1,1326,3,2.26441127432955e-05,58558267
"25","2020/04/01",27,2,1353,5,2.31051919620504e-05,58558267
"26","2020/04/02",27,0,1380,5,2.35662711808053e-05,58558267
"27","2020/04/03",82,0,1462,5,2.4966585845172e-05,58558267
"28","2020/04/04",43,2,1505,7,2.57008971935594e-05,58558267
"29","2020/04/05",80,2,1585,9,2.7067057841722e-05,58558267
"30","2020/04/06",70,2,1655,11,2.82624484088643e-05,58558267
"31","2020/04/07",31,1,1686,12,2.87918356600273e-05,58558267
"32","2020/04/08",63,1,1749,13,2.98676871704554e-05,58558267
"33","2020/04/09",96,5,1845,18,3.15070799482505e-05,58558267
"34","2020/04/10",89,0,1934,18,3.30269336693314e-05,58558267
"35","2020/04/11",69,6,2003,24,3.42052472283717e-05,58558267
"36","2020/04/12",25,1,2028,25,3.46321724309225e-05,58558267
"37","2020/04/13",145,0,2173,25,3.71083386057173e-05,58558267
"38","2020/04/14",99,2,2272,27,3.87989624078185e-05,58558267
"39","2020/04/15",143,0,2415,27,4.12409745664092e-05,58558267
"40","2020/04/16",91,7,2506,34,4.27949823036942e-05,58558267
"41","2020/04/17",99,14,2605,48,4.44856061057954e-05,58558267
"42","2020/04/18",178,2,2783,50,4.75253135479573e-05,58558267
"43","2020/04/19",251,2,3034,52,5.18116425815675e-05,58558267
"44","2020/04/20",124,2,3158,54,5.39291915862196e-05,58558267
"45","2020/04/21",142,4,3300,58,5.63541267367082e-05,58558267
"46","2020/04/22",165,0,3465,58,5.91718330735437e-05,58558267
"47","2020/04/23",170,7,3635,65,6.20749244508892e-05,58558267
"48","2020/04/24",318,10,3953,75,6.75054130273357e-05,58558267
"49","2020/04/25",267,4,4220,79,7.20649741905784e-05,58558267
"50","2020/04/26",141,7,4361,86,7.4472832332965e-05,58558267
"51","2020/04/27",185,1,4546,87,7.76320788318411e-05,58558267
"52","2020/04/28",247,3,4793,90,8.18500998330432e-05,58558267
"53","2020/04/29",203,3,4996,93,8.53167324777559e-05,58558267
"54","2020/04/30",354,10,5350,103,9.13619933458755e-05,58558267
"55","2020/05/01",297,0,5647,103,9.64338647521792e-05,58558267
"56","2020/05/02",304,13,5951,116,0.000101625275215197,58558267
"57","2020/05/03",385,7,6336,123,0.00010819992333448,58558267
"58","2020/05/04",447,8,6783,131,0.000115833345956088,58558267
"59","2020/05/05",437,7,7220,138,0.000123295998496677,58558267
"60","2020/05/06",352,10,7572,148,0.000129307105348592,58558267
"61","2020/05/07",236,5,7808,153,0.000133337279260672,58558267
"62","2020/05/08",424,8,8232,161,0.000140577930695934,58558267
"63","2020/05/09",663,17,8895,178,0.000151899987067582,58558267
"64","2020/05/10",525,8,9420,186,0.000160865416321149,58558267
"65","2020/05/11",595,8,10015,194,0.000171026236141858,58558267
"66","2020/05/12",637,12,10652,206,0.000181904290302853,58558267
"67","2020/05/13",698,0,11350,206,0.000193824041958072,58558267
"68","2020/05/14",724,13,12074,219,0.000206187795823944,58558267
"69","2020/05/15",665,19,12739,238,0.000217544006211796,58558267
"70","2020/05/16",785,9,13524,247,0.000230949457571892,58558267
"71","2020/05/17",831,14,14355,261,0.000245140451304681,58558267
"72","2020/05/18",1160,3,15515,264,0.000264949780703039,58558267
"73","2020/05/19",918,22,16433,286,0.000280626474140705,58558267
"74","2020/05/20",767,26,17200,312,0.000293724539354964,58558267
"75","2020/05/21",803,27,18003,339,0.000307437376860897,58558267
"76","2020/05/22",1134,30,19137,369,0.000326802704048602,58558267
"77","2020/05/23",988,28,20125,397,0.00034367478805341,58558267
"78","2020/05/24",1218,10,21343,407,0.000364474583921686,58558267
"79","2020/05/25",1240,22,22583,429,0.000385650073968207,58558267
"80","2020/05/26",1032,52,23615,481,0.000403273546329505,58558267
"81","2020/05/27",649,43,24264,524,0.000414356524587724,58558267
"82","2020/05/28",1673,28,25937,552,0.000442926359142425,58558267
"83","2020/05/29",1466,25,27403,577,0.000467961253020005,58558267
"84","2020/05/30",1837,34,29240,611,0.000499331716903439,58558267
"85","2020/05/31",1727,32,30967,643,0.00052882370989565,58558267
"86","2020/06/01",1716,40,32683,683,0.000558127855798738,58558267
"87","2020/06/02",1674,22,34357,705,0.000586714767361541,58558267
"88","2020/06/03",1455,50,35812,755,0.000611561814149999,58558267
"89","2020/06/04",1713,37,37525,792,0.000640814729028781,58558267
"90","2020/06/05",3267,56,40792,848,0.000696605314498122,58558267
"91","2020/06/06",2642,60,43434,908,0.000741722769903693,58558267
"92","2020/06/07",2539,44,45973,952,0.000785081293474754,58558267
"93","2020/06/08",2312,46,48285,998,0.000824563336206654,58558267
"94","2020/06/09",2594,82,50879,1080,0.000868861095223327,58558267
"95","2020/06/10",2112,82,52991,1162,0.00090492773633482,58558267
"96","2020/06/11",2430,48,55421,1210,0.00094642486602276,58558267
"97","2020/06/12",3147,79,58568,1289,0.00100016621051986,58558267
"98","2020/06/13",3359,65,61927,1354,0.00105752788073459,58558267
"99","2020/06/14",3809,69,65736,1423,0.00112257420459523,58558267
"100","2020/06/15",4302,57,70038,1480,0.00119603949345017,58558267
"101","2020/06/16",3495,88,73533,1568,0.00125572363676678,58558267
"102","2020/06/17",2801,57,76334,1625,0.00130355633646057,58558267
"103","2020/06/18",4078,49,80412,1674,0.00137319637550066,58558267
"104","2020/06/19",3478,63,83890,1737,0.00143259020967953,58558267
